1.7193656000663595e-18
1.4446367899794023e-16
5.88697514411477e-15
1.5495661911353613e-13
2.9602251819173502e-12
4.3719565197055534e-11
5.192152928961034e-10
5.091728922330985e-09
4.201465883703349e-08
2.957491891815314e-07
1.7941400645434097e-06
9.450849318178369e-06
4.346436193976226e-05
0.0001751692202550652
0.0006200074867597659
0.0019287988251520003
0.005270549410807467
0.012624125315138518
0.026408578697152716
0.04799427276282758
0.07525792688204637
0.1010497448912566
0.11562330997183698
0.11384987233692925
0.10206829541453256
0.0960687506854048
0.10898445139530158
0.1410755752199093
0.18345956986184161
0.2287352610366519
0.2706697299725229
0.2958366969157545
0.29026122763151524
0.26028794554629187
0.23408336970810198
0.23415628289704193
0.25673954365053164
0.2798168203907558
0.28181839766520506
0.2574560944408933
0.22400090892172808
0.20136511240044633
0.18852944052868675
0.17990652809737495
0.18423481718102497
0.1988242639330195
0.20301472540993634
0.19744551473394434
0.19910576170902575
0.2042721213505125
0.20620019632948916
0.20922230036778813
0.20039473369586547
0.16823617392276846
0.13560575662454832
0.12537618222202365
0.13488767794630593
0.15369941167627366
0.17100171128590805
0.18031484800516645
0.17850519895990816
0.16693673719235258
0.16650873734159594
0.1826861785314013
0.1896227826935316
0.19279873246058063
0.2063769065432195
0.20994307330952416
0.21573058514494386
0.24510591595185277
0.26867050629751277
0.2799493402917208
0.2919293051085367
0.2879846583253321
0.27521011320869737
0.2675897179866691
0.2547779505155693
0.24512834586589005
0.24498621187322522
0.24366547886487705
0.24038215576249067
0.23806209924305086
0.23665443836326872
0.22915513817677957
0.22351475197289036
0.2312732594851332
0.23026299912952003
0.22846003072443527
0.24061815203895334
0.23332867983073566
0.2255275810888198
0.23725949449244976
0.23109989862900876
0.22681519052830296
0.23300863000696959
0.21595058643317752
0.1997419610186266
0.1906764082839847
0.1746036838019899
0.17470447909247877
0.18772638193243082
0.20271857303654411
0.22012136877051855
0.2256225348314987
0.22474799549251845
0.22750147530316941
0.22585188989844537
0.22174250873009993
0.21826655049066962
0.21596348067931329
0.22692955715139748
0.24637974521178158
0.26007925468098864
0.2713403854148627
0.2679388680309975
0.25143715987776755
0.24337134696822105
0.2306120317404796
0.227507773516392
0.2444502992582088
0.24203767051684288
0.23429536456744599
0.23082117315159692
0.21644866077687053
0.22064741677700542
0.23616030846322653
0.24606520088521106
0.25989426043901553
0.26502912202742746
0.26069109125396894
0.24710000328580745
0.22988468845660584
0.2266485436227829
0.22797532021278133
0.2327812562484224
0.23986556399736433
0.23279917615309387
0.2224368332896855
0.21835608875509716
0.20910191939531722
0.20441638052113645
0.21241438387451242
0.21178304236501472
0.2086522259345208
0.21367397618923734
0.21300390894945095
0.2193011045733354
0.2297805337380328
0.23133174218164376
0.23407133148900947
0.2307304813104946
0.22844554110337845
0.23606527642925995
0.23913847219504886
0.2405745824034245
0.24834582758275803
0.25270335351374684
0.24358050768786035
0.23989376693795977
0.23869396129830112
0.22526084097455898
0.2274137130195544
0.23087893121660555
0.2234579006976049
0.22950433500019352
0.2352837643339911
0.242772454991695
0.24936822791419846
0.24519767675394663
0.2452581946737331
0.24271140200487548
0.2434940060257467
0.2487460762541144
0.24451935279653494
0.23819427103275795
0.23390934384931975
0.2339392935551052
0.23073484565347563
0.22580734404139297
0.2232665030667335
0.21489823835905109
0.21401302248436438
0.2155542471494825
0.21372479808677422
0.22108294703013626
0.22995649656856637
0.23465565104533553
0.2297885353239483
0.2190609427400337
0.21428388359688633
0.21861965716165982
0.23152368889975006
0.2403024621698177
0.24195564857328958
0.2371713148613218
0.2332991174774091
0.23768701016489718
0.23760708757455948
0.24186390393063278
0.24805517860620344
0.24369598847200552
0.23844255435917755
0.22998803865597917
0.22475171184493647
0.2239483558984031
0.22408454268145203
0.2305737128369085
0.23024301208148068
0.23022255624152893
0.23973307197294336
0.24395789233807702
0.2454629932392035
0.2500861738079073
0.24633070775654228
0.23672829845721574
0.23812165769349253
0.2365896924860712
0.22986790278134214
0.23370677481107985
0.23042960218583752
0.2241438710702837
0.22477382522987469
0.2234139750786202
0.2253921984086776
0.22676570801691606
0.2275593839975881
0.2252351018601395
0.21982046455818782
0.22294425060205544
0.22688542754134897
0.23349056846311134
0.2399005438397607
0.23836507733198783
0.2356663925775372
0.22825893401999
0.22381116302605356
0.2257288861764143
0.23004352461521704
0.23796701441823112
0.24163039807895617
0.24342883900827417
0.24115822718524474
0.23634589807794376
0.23518045042934205
0.2309959870844341
0.22865493120033076
0.22643853011360854
0.22420873545166964
0.22761966065688297
0.23002678990692857
0.2344292029878521
0.24014998594302595
0.24113749832998713
0.24025467735174105
0.23955543949971678
0.2356628390562766
0.2350064719204881
0.2422421055621493
0.23989388617816657
0.23517833076540967
0.23282846380645567
0.22342485775880855
0.2248102894037332
0.22803751700963373
0.22895182412253534
0.23313329667291924
0.2287871228163386
0.22968173275756026
0.227199909292234
0.2232766464020472
0.23125029191498275
0.22901197254836958
0.22950279244299499
0.2350000236992677
0.2323338543445553
0.2343599656806768
0.2357572878005446
0.23531961717382488
0.23395893299815887
0.23126226329227834
0.22999583050912914
0.22840510336167386
0.23280698838310884
0.23544508945785517
0.23604468830157824
0.23627535477496367
0.23067821614310458
0.23143284926165117
0.23135866242257072
0.23063859587056373
0.23466881990217384
0.23039594282616674
0.23084639872256257
0.23283156401804947
0.2304264438606015
0.23996325103883434
0.24465278818361985
0.24103239461173454
0.24064443065009702
0.2340616659736116
0.22706672303888817
0.22698875490016313
0.23107196503701297
0.23259004020617144
0.23126244926807785
0.23343483437732698
0.22935029519258376
0.22698324571724032
0.23204845413962816
0.23065023375873347
0.23114494937410165
0.23118499776634202
0.22955683132892682
0.23097288752111225
0.22848523426491557
0.23380243159076142
0.23694617652883782
0.23140847660512892
0.23250848739816107
0.23056183732277263
0.23165495690774218
0.23669306969282103
0.234731159675197
0.23447946762079908
0.23156093184746404
0.22936431126419776
0.23257051343236163
0.2312844711667159
0.23037499735138817
0.23334445920149516
0.23381594050007967
0.231157725459258
0.23061540647095655
0.23009598876801746
0.23047412023633032
0.23662135689137392
0.2401608553248953
0.24016915359103477
0.23862040712885307
0.23478294573579536
0.23143358516391196
0.22970886646072805
0.23386187590376634
0.23232286374181932
0.22816194186194683
0.23361185202280185
0.2301409803790719
0.22799156601753598
0.23521722191623862
0.23084057277853914
0.22858409547135666
0.23339047720025302
0.23148924287535305
0.23147686794927477
0.2349160815877292
0.23258901509929952
0.23114570580967567
0.23401596708984437
0.23070591799592755
0.23070215539195849
0.23451447100392453
0.2303439915945054
0.23410755433349814
0.23703849608706495
0.23032480916502765
0.2322618416229694
0.23072870646053795
0.22870400279549324
0.23537267334571912
0.23355263094162124
0.2317750899232221
0.2337100343573735
0.2313866968687693
0.23117343712014243
0.23152963327192844
0.2315090818937112
0.2300736294790044
0.2316097193615432
0.2384243336101496
0.23737020618972218
0.23652362478924946
0.23875026118456263
0.2337282131721636
0.23295244696034115
0.2333501617643246
0.22782187628127953
0.22736763756141018
0.23118104603736023
0.23197415071581798
0.23096757281617644
0.2318947084958497
0.23077223444422057
0.2309527294685485
0.23661499220396529
0.23562596337294747
0.23168661462488682
0.23112713149694952
0.22947671288630855
0.23081750731853404
0.23252496075101922
0.23501964583355017
0.23669274201177762
0.23227932880366334
0.2331579012713373
0.23307223553673154
0.2286461912482652
0.23227958697092244
0.23090098852111268
0.2297593830937394
0.23491576283243734
0.2314177216427013
0.23407518183374051
0.23428065513164253
0.2278832035192044
0.23576390445394682
0.2322657731790673
0.2280111072351916
0.23701978460239806
0.2310090001998459
0.23238360442527453
0.23839411485287745
0.2316555765697875
0.23332064577909933
0.23356268125239496
0.2325359191071671
0.23633094993202566
0.23408773328530122
0.2327094293185158
0.23080323073132794
0.2278934749799987
0.23043303362444198
0.23220563997113383
0.23074242556150854
0.23242905062647948
0.23465205625293772
0.23213856382799217
0.2333689721373035
0.23409282244872084
0.23007606072082645
0.23214279039389665
0.2333645521176768
0.23210852987170166
0.23398336523491767
0.2325870329423387
0.23187779095304759
0.23424252690505168
0.23256049163172268
0.23150863951969272
0.2339617471300006
0.2310269630730889
0.23015585482163056
0.23466129006196815
0.23130886063058106
0.22945494256394727
0.23242277096640554
0.23153605800008376
0.23274421074210977
0.23461780194748638
0.23425405756007137
0.23305305221764347
0.23319364702794476
0.23310641474145055
0.23120506712354447
0.23347796199980878
0.23372031859438366
0.2333447240519002
0.23473572576498508
0.23240591918992323
0.2331653935188658
0.2318059572272598
0.23050516586549638
0.2314005527088876
0.22914739844247042
0.23267455729869657
0.23313460158683066
0.23258724848058537
0.23514604594541733
0.23308746477790296
0.23453315940798292
0.23148820282420643
0.2292846989489359
0.23197080710646922
0.23041570058818425
0.23530847175336658
0.23511609161631417
0.23184246482138215
0.23386985588422232
0.23038545099141142
0.23160486483936946
0.2338133745854284
0.23255283662082432
0.23273730217176938
0.23248028966692677
0.23256048724415385
0.23022029578659087
0.2318893286671327
0.23221298858592443
0.2311667201473936
0.2354989733608415
0.2330975167017919
0.23133385811152102
0.23231801460778528
0.2316615514569478
0.2335293874096087
0.23454127401121397
0.23517024395635938
0.2320995607257309
0.23232218887229472
0.23425421224419832
0.2313007804942358
0.23271144638468427
0.23180636431556378
0.23044599755605114
0.23185780694432595
0.2315952443113727
0.23272898160242816
0.23270655101280704
0.2332022332395057
0.23284617505774585
0.23262004970305591
0.2324861623353734
0.23268024235849918
0.23475326934013657
0.23298507966399568
0.23357294851205482
0.23028829070763898
0.22920765104646884
0.23422529598323638
0.23006338900580348
0.2345255845959797
0.23563071533101435
0.23037696939161198
0.23528858816597462
0.23062636841352177
0.2307666435202625
0.2331116949296859
0.23000193829385215
0.234835260368882
0.23158061325301324
0.23175106638092022
0.2349613915599241
0.23132515651125307
0.23409826596088176
0.23288129809702215
0.2303543725339345
0.23327742518754385
0.2329536787569859
0.23186108577689718
0.23443187712296504
0.2338444709006202
0.2317587003911627
0.23419523659932412
0.23058191336341347
0.23166176017849444
0.23411043226284323
0.22972286441327874
0.23489161047760082
0.23131065956165742
0.22923498073936074
0.23487202284902514
0.2304409091409878
0.2345873520207942
0.23432067415907765
0.23286669519848402
0.2346441810363819
0.229490437084859
0.2344895366527215
0.23095810879027445
0.23005923074289386
0.23596203386304868
0.23015433899874005
0.23371989887103195
0.2328683584742109
0.23155441153672948
0.23439448425819254
0.23095323107068133
0.23364368427014295
0.22984987282883365
0.23092937300813185
0.234791703114281
0.23199774508006502
0.23503896561674767
0.23182085262204807
0.23254701405792252
0.23211050340861178
0.23062854976966682
0.2358399067291626
0.23037172745541237
0.2338561728590169
0.23577032231831047
0.22984862477094187
0.23331159200174342
0.22995851757951435
0.23156076017895247
0.23455448085206798
0.2327072049472468
0.2349859665969748
0.23097531182125702
0.2308902133868992
0.2321514978689401
0.23210667619506
0.23402324860481302
0.23155972369228509
0.23340068786200052
0.23351193402584683
0.23196982207131148
0.2324665717026672
0.23238012960518342
0.23368245769065624
0.2313325375113117
0.23332434030602317
0.23279054075291652
0.23000498702907793
0.23459362302010459
0.23213999610311767
0.23233391463653932
0.23386323298249675
0.2304357246050553
0.23345891719464254
0.2325356030672282
0.23127000209916626
0.2337738324787889
0.23215869707669945
0.23118360273156885
0.23246144813768665
0.23296652102902227
0.23328880347773992
0.23471389520768157
0.23256161542979198
0.23220395453674691
0.23269901827645167
0.2303008835780994
0.2335006804395136
0.23255310708037571
0.23197616413746683
0.23441270120495813
0.23127423859873603
0.23270785659308058
0.2324310612308295
0.23170902376638294
0.23243224420120154
0.2317276689809309
0.23417265365476891
0.23144934565325842
0.2332123069699496
0.23441164799417824
0.23082486534224952
0.2345436746250408
0.232361819781936
0.23087722449292067
0.23193818806882027
0.2320521042205645
0.23470623078361397
0.231546452462119
0.23329253199956929
0.23224376628217247
0.2299781024109453
0.2350668390719638
0.23181520820935977
0.23299962029645083
0.23381033660253522
0.23042505199154653
0.23384230518971486
0.23188950526890664
0.231344808012345
0.23240072174303697
0.23257342956552912
0.23399064125951963
0.23219415133517626
0.23373411314857734
0.23221936165539303
0.2315345857336195
0.23385478596642617
0.23176028654378583
0.232679202753182
0.23257030138953946
0.23211619975577488
0.23301328937040963
0.23267432912537112
0.23274924238371186
0.23160869333479733
0.2324037875399439
0.23195079487072462
0.23189187571680564
0.23377260908352465
0.2335406336886403
0.23264670455846076
0.23165811952644838
0.23288779842917925
0.23189380691961325
0.23277412785653345
0.2339909055040689
0.2315032462102856
0.234379923782742
0.23171234745246994
0.23075127975591306
0.23374869658066988
0.22957907285029408
0.23344750343272797
0.23443311693239127
0.23174014274241894
0.23437799718605892
0.23144983593307897
0.23188893536906505
0.23296454134044878
0.23176491097163213
0.23305052616662283
0.23217587918011603
0.23269344995238006
0.23263963632934956
0.2327666138030132
0.23343636977786483
0.23164270446334592
0.2322959877383184
0.23331901830597468
0.23260209395577577
0.23232819761594536
0.23221534316122297
0.23183908231373754
0.23312145469834192
0.23321297854100237
0.23162010196865115
0.23337633953464712
0.23168610619502442
0.23191054990493634
0.235146498280247
0.23093209487274927
0.23207960248779705
0.23283521159593693
0.23081072147717618
0.2352326082644944
0.2322532081074743
0.23218469039056291
0.23407366570242252
0.23017869943614472
0.23390203493902825
0.23248205962643018
0.23136720343709635
0.23386720718918233
0.2304854454388844
0.2340872100957512
0.23302291177341775
0.2310080526612247
0.23422669416273484
0.23128921293355753
0.23275400796656692
0.2317662977597723
0.23283571953633542
0.23456672201752896
0.22960563821513713
0.2352274078505034
0.23252767390496795
0.22985785162396324
0.23557529103193983
0.23004329949250046
0.2331445350070166
0.23400268473602287
0.2315267168814053
0.23470425011615242
0.22968701733058297
0.23264002638244552
0.23323134631448184
0.2307368513758058
0.234882447452095
0.23157845852626915
0.23261065469301143
0.23398138716053263
0.23123519644584078
0.23292072783767861
0.2324660795447737
0.23167154155236275
0.23326033521304096
0.23294588474865982
0.23167336618037018
0.23383399936299676
0.23197748686069172
0.231823356032604
0.23434228041945504
0.23018089598503194
0.2335479257126909
0.23282797150214318
0.2306838638712761
0.23595900490592267
0.23082091973030555
0.23221270135205646
0.2333514932594347
0.2301826902259756
0.23473374423178484
0.23219345503829023
0.23285625532560708
0.23280603381128478
0.23087301947935399
0.23406743128490262
0.23113032495649372
0.23289422629997678
0.2334374201006739
0.23192589396464888
0.23417588898843608
0.23164004893069276
0.23271907778320675
0.23220460030163104
0.23147823724866526
0.23312864589661436
0.2320066668636689
0.23355696169119428
0.2319160068992704
0.23283828307315857
0.23330321092685402
0.23106870235631322
0.23355920409964764
0.2318870446376768
0.2330671249671653
0.23253267600549976
0.23184217977750393
0.23461666477033935
0.23047911481769598
0.23359499652083382
0.2327418205239672
0.23063681626373728
0.23475192360877473
0.23080894376172081
0.2336492035915228
0.23270465474713736
0.2309154835354747
0.23420331805333391
0.2311381158508572
0.23386426150175083
0.231671542097092
0.23271597120687543
0.23435306368527645
0.22980163186971456
0.23447925687271287
0.23159760640623073
0.2323127534269646
0.23342921527767307
0.2308297953558405
0.23498416562938848
0.23011461886885695
0.23382897686257278
0.2338802892260327
0.229747006063902
0.23548712450563136
0.2304036721440682
0.23286390460294004
0.23353581915162633
0.23046827028392142
0.23492702652658806
0.23126613519088493
0.23274032780583606
0.23248068281590187
0.2320305711793708
0.23332112687372844
0.23119697011418053
0.2350247056471972
0.23130107721365753
0.23261378156746493
0.233655506915203
0.22940327236606647
0.23488926381633488
0.23175877484647617
0.23250435437101316
0.23451105481999307
0.23046024310394675
0.23369236926818068
0.23180098990155484
0.23209514479865273
0.23277677502251845
0.23204834906812777
0.23370097030620082
0.23151941357773123
0.2337560827374376
0.23231820556268798
0.23179192128134002
0.23364313296721045
0.2314138252888742
0.2332523627242071
0.23179713592540413
0.23279185121520857
0.23327115288097275
0.2315661185664844
0.2339573918811941
0.2313085481284893
0.2325944189856744
0.23280947949656383
0.23181540958706148
0.23386462012671952
0.23159695218760157
0.23338383650212513
0.23207961428790175
0.23195436156202742
0.23324278401941118
0.2312280076323181
0.23442576283111904
0.23179683555774533
0.2325352631030421
0.23354197146970587
0.23073753812283693
0.23405154562922273
0.2309836937980583
0.23284989122540414
0.2339325427209957
0.2311650890753168
0.2340744646764972
0.23104611691178295
0.23313196912015516
0.23266345919637452
0.23169106987636295
0.23449598146193282
0.22985448049072238
0.2338401068679307
0.2333429157345135
0.23118349304633082
0.23404160907018337
0.23102493239282423
0.23344222087065328
0.2315818829252739
0.2329713484355076
0.23417764759540888
0.23003177192460808
0.23475590641396796
0.23132389478728346
0.23202691095433878
0.23437394988544
0.23039031719100223
0.23397713617418517
0.23187478788170582
0.2327554825373077
0.23332169021425234
0.23133324085362805
0.23332464962612887
0.23102052947136498
0.23404257597012526
0.23244924045266965
0.23170839018870515
0.23411774285762832
0.2305931407630254
0.2341294522118945
0.2323279698474361
0.23188582185236806
0.2336199700558729
0.23068481428227575
0.23411819403539844
0.23167797051605266
0.23260633299580902
0.23383816732362467
0.23061991066395235
0.23396918001993397
0.23177703734269775
0.23247604438487596
0.23316245923260567
0.23165681974244282
0.23400545691910946
0.23145457293259414
0.23284474609480044
0.23252731124715087
0.23162841420307573
0.23356978268143697
0.23197576947501708
0.23378882856185168
0.2320055869653655
0.23186166555109775
0.23299133594193622
0.23147263631633097
0.23384931519071836
0.232015469660482
0.23297887182857388
0.23270410909940767
0.23151254265344592
0.2343192653045589
0.23094238406888826
0.23286100570728704
0.2326250799254279
0.23144244406098902
0.2347156390760718
0.2310213316289104
0.23324282620255155
0.2326280443713907
0.23120144199674147
0.2346500472527304
0.23114353951700864
0.23279813744370176
0.23273758393762367
0.23201114161194714
0.23365813984989106
0.23145772301204487
0.23372665573843682
0.23157309668862666
0.23156586081252972
0.23413574532026935
0.23187801878111733
0.2330304208829951
0.23228482922281768
0.23277117917879594
0.23214963240856093
0.23201076287756442
0.234029006099622
0.23117101532499135
0.2329336730809262
0.23305099275458308
0.2321668689528107
0.23317119518938909
0.231562201541747
0.23304706701418654
0.23217618621097763
0.23269707986710775
0.23271909413324457
0.2322130497785091
0.23342028701227718
0.23104356011952643
0.23392850642270602
0.2323656562602398
0.23133570318246244
0.2342915953590053
0.23086000907821402
0.23368347595301459
0.23248382327054257
0.2316093910176789
0.23427551029320623
0.2304146168940353
0.23352734887665
0.23303941999352132
0.23143305903281958
0.23397205663418116
0.2316498989782853
0.2326373972337972
0.23279430900273065
0.2322091856489289
0.23254408917467978
0.23254031667640238
0.23268470644627903
0.23220854179627964
0.2334791937399527
0.23187358157101365
0.23252257222974781
0.23260618846349515
0.23192071691035712
0.23395990417348947
0.23124063541634834
0.23288719579342038
0.23292844082743813
0.23180965167977105
0.23397457099146968
0.23115038683293296
0.23337822435641858
0.23223182369863013
0.23135225776878385
0.23484892278530922
0.23101766003098
0.23269857692619814
0.2332724681782497
0.23158419627973112
0.2330800940444776
0.23197900913935396
0.23333026408603688
0.23196652830140355
0.23261447876791694
0.2334513262265267
0.23130693711932465
0.23345165385629152
0.2317506310477364
0.23235491098540134
0.23358663075717864
0.23185898154258053
0.23339645333294648
0.23184039572124454
0.23230440824040172
0.23288474723341648
0.23218573465762019
0.23307605840157772
0.23191653316579605
0.23321926885055644
0.23235171730017345
0.23215410852068044
0.2333452250598793
0.2317335718352539
0.23281277948705048
0.23243268056140357
0.23277460078897091
0.23251050645815094
0.23217298970494876
0.23353644136269797
0.23143742650803636
0.23293172389295344
0.2326013179996049
0.2321345206165406
0.23342102219663047
0.23138578275764463
0.23371566629028404
0.23230958107324884
0.23183862010562017
0.23349813830501345
0.23138452124003783
0.23337521533729122
0.23209378613631612
0.23270423284675437
0.23326424223473893
0.23113956731001942
0.23381584675395214
0.2319853356072343
0.23229781078837122
0.23308894889286977
0.23170226977249633
0.23338688514849001
0.23225359474164534
0.23276006735699645
0.23239536326239726
0.23246892040559108
0.2327554609060785
0.23181142921196898
0.2337888900376424
0.2313809798745724
0.2326311077699663
0.23356573165321803
0.23129248779293377
0.23381885827576337
0.23141204033002513
0.23265648751041604
0.23346226875174075
0.2311094828161765
0.23432936598354334
0.23150134982607565
0.23222001631374964
0.23368952996067902
0.23085714385349607
0.23391849603851228
0.2323158960923716
0.23181083886844997
0.23359252498237054
0.23188128983157827
0.23272680122079586
0.2324782710129356
0.23267433479337327
0.23233798743095999
0.23226994559705086
0.23336200525026068
0.23195658759962307
0.2326067643431119
0.23287868353727462
0.2321928034268652
0.2326756261851788
0.2325849795702657
0.23210731755061
0.23280698486462847
0.23303510392376664
0.2316431997927503
0.23344502400528414
0.23228826028953042
0.2317359466531556
0.23396351482540645
0.2312149517262092
0.23303696412931077
0.23308454217262642
0.2315266136580994
0.23371128576584788
0.23176584610689446
0.23253866167257528
0.23260942435963528
0.23234395822422058
0.23305578188963283
0.23200985783368241
0.23346186018082132
0.231777282821903
0.23241072026750892
0.23315352924029983
0.23164479503750757
0.23346722944549628
0.2321579101981764
0.23247477973561145
0.23284157646524573
0.23208434805404365
0.23315570425835486
0.23196767549943562
0.2326543314401459
0.23272986396377995
0.23215656641753565
0.23300186152510102
0.232659566015475
0.2321392136042139
0.23233655952341437
0.23322078980899377
0.23193046091038114
0.23273419053788333
0.23308863273040478
0.23144621013940692
0.23359240552403082
0.2322273777206244
0.2321320276887486
0.23323279208648343
0.23150159069753157
0.23343909899049234
0.23228027828959716
0.23237568650223758
0.2332914777506913
0.23148394430704836
0.23330944667317383
0.2322022341094102
0.2324045034415176
0.23292954723207415
0.23201688946010157
0.2332914295457887
0.23168537040329906
0.23327976579458176
0.23258245661097315
0.23161346438159403
0.2335919439800469
0.23161048505667428
0.23332871955162723
0.232179503947271
0.23216905273350966
0.23365791518714565
0.23128607007711685
0.23365937788867744
0.2318716975272549
0.23233152305911864
0.23316650801263777
0.23156848542279754
0.23424004491644554
0.2310644070060347
0.23290160506159455
0.2332188334082313
0.23090460175291141
0.23437229261368758
0.23141198581489367
0.2328791866345555
0.23307108454931166
0.23136537255600623
0.23385858577477406
0.23152585792669536
0.23305346863705398
0.2324898117230327
0.2319429470564716
0.23365077844088092
0.2316025285134963
0.23319041529023893
0.23219794189505222
0.23227914360292815
0.2331699398687501
0.23183680378590119
0.23334260865490605
0.23191006463767636
0.23257203665939946
0.23298241437631106
0.23207535799476384
0.2332348563958918
0.23179004191592187
0.23273703340752427
0.23263353850368168
0.23229208203419052
0.2332191277182759
0.2319810063512292
0.23278544311499338
0.2321891066317402
0.2327240329798028
0.23283652385135561
0.23186902516099506
0.23336172944830516
0.23189695346005057
0.23294461847586212
0.23272153055726796
0.2317593844891062
0.2335031270136566
0.23137643449746356
0.23331113001330434
0.23286910904567754
0.23150723031384474
0.23390622434582953
0.23129141102420434
0.23298853939337855
0.23295103216918078
0.23156285675319777
0.23384388440362402
0.2313957330979157
0.23286175662510492
0.23326985957625107
0.2315703358644071
0.23315091560625087
0.2321988478964407
0.2325709273009276
0.2325894844934221
0.2327367351672353
0.23254348972906114
0.23194877658148302
0.23343917173601283
0.23174809630287221
0.23288935540629557
0.2330233021820308
0.23114482241749684
0.2340651059950064
0.2320500606540502
0.2318464474172241
0.23395811138601807
0.23131831534233005
0.23263758867121045
0.23305063529264933
0.23220277482958115
0.23286885835487156
0.23215541013603427
0.23282628590302296
0.23236430181948908
0.23258219002243072
0.23280039760455265
0.23215256429017067
0.23281662850174611
0.23204435480856975
0.2330810305278956
0.23277758034579185
0.23182229248604197
0.2331468270652765
0.23207114093275985
0.2326180997110094
0.23294728011599025
0.2320510389262737
0.23277959866828035
0.23262143782538
0.23224872207202357
0.23285171187419082
0.23285476938011615
0.23150156414663475
0.2331946206064129
0.23275994293709298
0.23175208587545326
0.2338757024306563
0.23141656874117292
0.23271212844553854
0.23308561884704998
0.23143070623272077
0.23387756830559306
0.23164542793998924
0.23275693472755002
0.2329904861772833
0.23166259605786427
0.2335430754306268
0.23175515855530443
0.23289598748457405
0.23249031313044435
0.23229073452761198
0.2331893147917017
0.23177491142907844
0.23320748506318842
0.23202490755675304
0.2327639695835356
0.23269676726479907
0.2320838258625434
0.23328305057727844
0.23138462561351
0.23375606731914325
0.232160482134018
0.2318561120283114
0.23398646704173348
0.230771504175662
0.23368338457976423
0.23264230236709402
0.23163181253431575
0.23371083083617575
0.23150106620651836
0.2332760862417576
0.23210079886406673
0.23250752963670546
0.23318476130799007
0.2313085988202673
0.23388112272222042
0.2318430520954613
0.23253200703618515
0.23323985481402315
0.231298825824303
0.23362415868847336
0.2318384106106814
0.2328932935018511
0.23293878186492908
0.2314809233639497
0.23373640916053587
0.23152959156420475
0.23309573115604076
0.23282901542067475
0.23142504521987622
0.23382038190381876
0.23159386425172154
0.23303211073838762
0.23276347888794655
0.2317970948869299
0.23341560568559847
0.23157549101165395
0.23327424736134464
0.23245217385525496
0.23213221375298948
0.23323560725514406
0.23170709334792866
0.23333496489083688
0.23199848570026968
0.2325317613593053
0.23314134667970704
0.23164907808022234
0.23330262991438722
0.23221612014444684
0.23264850642311716
0.23250820712734047
0.2322989301063926
0.2331686355923695
0.23168243872212563
0.23324887538162
0.23227206091037242
0.23229032032573002
0.23335832796471306
0.23141361808421076
0.23345879414154633
0.23236398138738457
0.23181640629690856
0.23360406396239206
0.23174880469183914
0.23295484266751423
0.23258530383044948
0.23205170719080226
0.23336135501514654
0.23170344399716428
0.23291181946043255
0.2327440250826035
0.2319122152053239
0.23330892565887923
0.23207945895975612
0.2327927369424774
0.23240919132669954
0.2322210065033358
0.23318979433449966
0.23180416625163067
0.23328695220945075
0.23221399014909475
0.23221257228010087
0.23345578895677271
0.23140276042039115
0.23330377990014822
0.23246472222181133
0.23199823888049978
0.23332024752187813
0.23190096504838947
0.23297265571859774
0.23245353992017928
0.23236951882762064
0.2326718843464942
0.23236604940221617
0.23290342354221785
0.23216935462532132
0.23280980806265114
0.23241242444764507
0.23249039164785282
0.23274474840914838
0.23234687779262445
0.23272046828778425
0.23215917931438299
0.2329864631664941
0.23238823399222738
0.23243575616543258
0.23282890477070367
0.23212047387862111
0.2329479036701
0.23215135198034373
0.23286592726603605
0.23253000709904184
0.2321058658205589
0.23331103148818252
0.23190174185249698
0.2327480819458892
0.2327066248725264
0.2321067654404747
0.23294111254475128
0.23237163986134987
0.23265087225835715
0.23246437508568793
0.2325742203769745
0.2324866948245349
0.2325755221110242
0.23269877703142408
0.232065545883098
0.23313333698612634
0.23225595064994675
0.23227766686154006
0.23333230049171202
0.23178866670010392
0.23266933133813586
0.23288980659899874
0.23202871944258355
0.23302411892819483
0.2323837991776922
0.23239536716297762
0.23281128103781507
0.23219026022211128
0.2328399700386468
0.23252151963494935
0.23230901140436816
0.2327486548357858
0.23235570159349828
0.23290112886020042
0.2323890893713885
0.23217444261102446
0.233079303424465
0.23222668865499518
0.23238673676894162
0.23305224543484138
0.2322906513600754
0.23230186717539505
0.23283760635180764
0.23249886881341622
0.23246644972791033
0.23269645470631295
0.23228711603209237
0.2327034748101152
0.23252669395464934
0.23237156234791922
0.2330545809536911
0.23209033892516276
0.23247232289132
0.2328631316439331
0.2322247107097876
0.2329190133698824
0.23220581253495926
0.23261501543777593
0.23282650649883144
0.2320581477071431
0.23309160730659595
0.23207801418758106
0.2325781812148625
0.23292502137720977
0.23196254570866304
0.23327810331180113
0.23203283710159417
0.23250509148733361
0.23289893662031252
0.23201726647430962
0.2331803410363068
0.2319483540378081
0.23289457611285125
0.23263549842653228
0.23198841339358087
0.23339877820722227
0.23180542435789087
0.23277968360500384
0.232617610458024
0.2323573708088829
0.23292882055800723
0.2320186471928873
0.23312542774756218
0.2319319791150868
0.23288632674270446
0.23277127121070643
0.23178508749931692
0.23355403182217846
0.23156312935968265
0.23302684338382054
0.2329296030921311
0.23159062884406484
0.23357679390292485
0.2317259452693286
0.23270393202487524
0.23302536529639548
0.23194132480201612
0.23309158624198228
0.2321065410333276
0.23257540371674296
0.23282810046261465
0.2323586216236011
0.23251009177217297
0.23260404164509413
0.23257982072906397
0.2322318208245154
0.2331354923848289
0.23221412219245618
0.23228088889597814
0.23312780610393907
0.23185710482334565
0.23303155067181103
0.2326070699789643
0.23201583280168814
0.2332042283495204
0.23200599675744815
0.23268844743582318
0.2328334266008437
0.23213667283483014
0.23282740547163083
0.23219418555989613
0.2329445862069751
0.23252780501953446
0.2321496884279903
0.23300675750224026
0.23212988660293957
0.2327593417225213
0.23252485703777268
0.2325619773929955
0.2326222877340341
0.23213943451322325
0.23316470565136524
0.23202659799871722
0.2327670049146816
0.23261330492611945
0.2320571504981744
0.23338740997001745
0.23178008059836294
0.23291053564253128
0.23264911984371434
0.23205162335851628
0.23313401450464727
0.23196468670848525
0.2331490878729141
0.23211390438144122
0.23243107917943612
0.23315651437787374
0.23179453015177479
0.23324859978770893
0.2320267680578331
0.23263933205185872
0.2328278541106616
0.2319545709044413
0.23333310619256792
0.23194226858397377
0.2327752359198922
0.2324997802145943
0.23236439609233422
0.23312202752325073
0.23165240814327903
0.23333789046502143
0.232211240721327
0.23222120315213812
0.23345338677788688
0.23159344779328822
0.23306951081726002
0.23237121124163895
0.23228721358954948
0.23324993608745803
0.23180793810557954
0.2330461677041976
0.232369490032404
0.23223017696983517
0.23315562325698883
0.23200980623233097
0.23281229025829217
0.23253243671927518
0.23232387018120262
0.23285866510178463
0.2323511652665095
0.2326074843418162
0.23250121294652704
0.23258843519998246
0.23232820977818158
0.23285703856035697
0.23262542107140932
0.2318788539039319
0.23342000315045452
0.23195066399280506
0.2324603726324076
0.23334467432362738
0.2314347933245728
0.23335776786769288
0.23228112321174643
0.23227890793741487
0.23334381144698674
0.2314723948080372
0.23332977858057338
0.23229346202645346
0.23226219467723705
0.2332567246374244
0.23166094973579646
0.23325694092544177
0.2322525530112428
0.23232744221190857
0.2331219984882118
0.231913892624338
0.2329279793272912
0.2323818214549521
0.23258635076255954
0.23264675266379778
0.23231590765726898
0.23283792734876393
0.23222333690614
0.23272780226648623
0.2325907090486871
0.23240063333442953
0.23253880537755614
0.23270937354221818
0.2324591446337922
0.23231470202742666
0.2331450559624837
0.23185479319348645
0.23273377206574059
0.23294243691837474
0.2319464157148295
0.23315121674022718
0.23202787171396774
0.23277729290269544
0.23264386790080935
0.23210131501473263
0.23318935275444427
0.23199957102299665
0.23284162614289947
0.23236890492964232
0.2325754730870733
0.23293925774369564
0.231709226868647
0.23334492676234078
0.2321315190209569
0.23245205015383738
0.23307001217011813
0.23185391240608072
0.2331841419826006
0.23207413810893066
0.2326048659966181
0.2329684393014785
0.23191827533760362
0.232984152733923
0.232395881723259
0.23246845493338583
0.2327187891731121
0.23243540711676602
0.23251845952801928
0.23266105137198156
0.2323743032933169
0.23246401261448624
0.23313039412181655
0.23173494991628452
0.23299529916899672
0.2328091494211994
0.23165544853656042
0.23357992279053547
0.23183168168631832
0.2326441885217067
0.23296219488427647
0.231901409314291
0.23329157703623074
0.23179074199018565
0.23303092729603406
0.23251638103044814
0.23201259685600456
0.23352080327697392
0.2315271122994101
0.23309200969802332
0.23267289366877109
0.2319787844938359
0.2332113887749152
0.23192360851784205
0.23297777278391646
0.23234900841308773
0.23244848893879508
0.23298706232178462
0.23194360128213487
0.23302236226406003
0.23224590154691746
0.23258069549927834
0.23282927927575603
0.23208316561453568
0.23295667533067932
0.2322664414548455
0.23262787469492038
0.2326815976703544
0.2322980724093141
0.23281651026113223
0.23217679816580628
0.2328231907705253
0.23258601397637885
0.23223270265475426
0.2329910272388492
0.23212460923545328
0.2326526684025432
0.23278139431440667
0.2321947199356923
0.23281922227480914
0.23236699660523036
0.2325775608323758
0.23263384843881174
0.2324580874463875
0.23258506822950797
0.23248264802305665
0.23268036163921593
0.2321918614195832
0.23303263721538006
0.23231706058030074
0.23221808302661281
0.23328965133459134
0.23174254413971063
0.23310628262300048
0.23235241730340028
0.23222038119393187
0.23340371610192273
0.23139354821783756
0.23347553714479807
0.23234565939606538
0.23198097596553505
0.23340865542097863
0.23168935964406157
0.2332474685423003
0.23213930564728308
0.2325755047467438
0.2328283706232489
0.23200859510991476
0.2332887696835048
0.23166975288693786
0.2333382626750719
0.23211787792129412
0.23220132370601537
0.23372818947866103
0.23110912606952386
0.23356954241530412
0.2321396084573582
0.232269095597992
0.23342629561888337
0.23133161186482837
0.23370836978974613
0.231820640170487
0.23248757651548008
0.23330750222706792
0.2315312879253031
0.2334239569257369
0.2319821817851205
0.23262437402481304
0.23283549118138205
0.2321091774108323
0.23307723242325584
0.23199722239324888
0.23292127090973497
0.2323722254363195
0.2323950067695036
0.23311520560339868
0.23182348436118447
0.23291061374691652
0.2326894586826803
0.23210200593206878
0.23299544010074183
0.23236514859915375
0.23231478335857925
0.2329182640108173
0.23228477235037542
0.23258608451154938
0.2328270774951323
0.2320517442087594
0.23284793009394242
0.23260498173179
0.23224110627915043
0.23287019126085484
0.23235562514548214
0.23252945615723256
0.23262504751404642
0.23253638402739743
0.23256901290500495
0.23241563706439672
0.23262118291990583
0.23256655760605607
0.2325048281171662
0.2325307152203121
0.23265616440371584
0.23240933858670101
0.23248920421328448
0.23276839262398452
0.23240814073557023
0.2324315831177328
0.23274902897437616
0.23246810639016857
0.2323594950423605
0.2329716608569263
0.2321523286552132
0.2325409381277856
0.23296923438707537
0.23187238506329477
0.23316258143591684
0.23237143249047537
0.2321642710357805
0.23308407168622036
0.2321655051750524
0.23282382753494263
0.23226671024782458
0.23272421970622642
0.2325270160717664
0.23227757801218427
0.23315229226382603
0.23182403964115852
0.2330850306633399
0.232331619014274
0.23226537874444236
0.23327182808618815
0.2316899128202461
0.2332099172319442
0.23220261957276445
0.2324356609985343
0.2331191686872769
0.2317235252382834
0.23331361248165525
0.2320599036643242
0.23249844159815397
0.23303889852173537
0.23192324568108325
0.2331611644844946
0.23206217359472583
0.2325843238786838
0.2329179624942591
0.23205928935000109
0.2329460635930343
0.232281047651115
0.23262022157866782
0.23263288499920953
0.23228152784665737
0.23299869416986038
0.23210272586457648
0.23260949575297252
0.23285258127481084
0.2321226278229208
0.2329051832426474
0.23235086533065116
0.23251718359666834
0.2326860339720105
0.23232869038128698
0.23284683109255536
0.23221268462786843
0.23280318763573304
0.23239622024541878
0.23245751396149372
0.23299421709961748
0.23186225353393147
0.23310095776034703
0.23233188789912715
0.23235911058456635
0.23298781635359395
0.23207980357981758
0.23293732657317426
0.23215588728209272
0.23286406549420272
0.23246031825353514
0.2322932193835638
0.2330530495066405
0.23191014103296737
0.23309614574265936
0.23222162112668313
0.23269276404486225
0.2325559882476372
0.23215224893574415
0.23334987787181335
0.23157208098598356
0.23333856611480805
0.2322552071557928
0.23215659025220112
0.23341374045031218
0.23154021063431296
0.23343420701183426
0.23195532585710768
0.23263506213829913
0.23290227008891468
0.23188777267321747
0.23343599364982554
0.23156165797048592
0.23332570096569413
0.23222473865177612
0.23216553588442804
0.23354607303717817
0.2313740213747895
0.23345502713757618
0.23204811797137126
0.23254254758204232
0.23302110572159973
0.23177523690145196
0.2333983370275462
0.23173511119269255
0.2330592569756803
0.23251523972075286
0.23213584508749383
0.23325140858076457
0.23169154438903608
0.23326787538313087
0.23212125167726003
0.23260086053208634
0.2329351557972727
0.23172348026031495
0.23348474601491356
0.23184710763086608
0.23278688660951824
0.2328219539078251
0.23179481234795954
0.23349945362771568
0.23174985144466712
0.23280137231058612
0.23296477955686068
0.23172477871269967
0.23328775777412245
0.23211480375811044
0.23264462794883656
0.23274637821251756
0.23201327586835255
0.23325874023985127
0.23197707959397143
0.2326911865096536
0.23285804771660756
0.23191742766950246
0.23321423040844286
0.2320160187837155
0.2327361846211682
0.23287921098915185
0.23177562204140853
0.2333099110731849
0.23214189864052817
0.23250877057441202
0.23289804941036343
0.23200196305002765
0.23310822046594473
0.23211887285240862
0.23263608493806198
0.2328960203625089
0.23197808647330662
0.23289776542273072
0.23247739050795155
0.2325120951450515
0.23254757283962443
0.2325769056960003
0.23253089724892692
0.23239718997376183
0.2329056800018606
0.23206499714842435
0.23293081123997286
0.23249081799893104
0.23208945384759316
0.2333276277804624
0.23185223556498324
0.23285133090117205
0.23266502125807823
0.23208879881900535
0.2331237924514639
0.23197798211081264
0.23300445280937923
0.23233665786471822
0.23238908690978452
0.23297263535851967
0.23198125191990515
0.23312577355062794
0.23208675959981315
0.23272801068031737
0.23261184422024886
0.2322599793350332
0.23307100338625622
0.2318323085169307
0.23324113729448126
0.23206681589228617
0.232603419118523
0.23297446820339232
0.23173104805208372
0.23348128023052206
0.23172065308749265
0.2330801489178789
0.2324298472398383
0.23213635755703457
0.23347429505158254
0.23119656609232242
0.23390704230505618
0.2317547158607335
0.2323701799328433
0.2336306365674118
0.23092274199503557
0.2341432022392049
0.2314840891836975
0.23271323882785877
0.23332940308019198
0.23105713542268833
0.23414358443041317
0.23144957369274977
0.23286569953199895
0.2329319599897465
0.23159207393788456
0.23373067095441596
0.23155327797658243
0.23303562783985912
0.23262500896450788
0.23202783999991583
0.23318178170659876
0.23197997151537503
0.2330171049288978
0.23222815032485014
0.2325455629954888
0.23282724188114612
0.23208455791236288
0.23310749068352818
0.23206080939664245
0.23266640065812513
0.23286390531837567
0.23191644738113065
0.23315280987751344
0.23229718888429365
0.2323528600025012
0.23293396400717414
0.23213319864481327
0.23296655194314114
0.23216306319390395
0.23268466334633173
0.23278486162860873
0.23189938153926032
0.23339536233160108
0.2318345069857675
0.23285153506088885
0.2327531416957359
0.2317667662169775
0.2336588177349267
0.2315195200661667
0.23315861809392152
0.23246718187338988
0.2319985680403437
0.23366730398928476
0.2311254865508044
0.2337668408651976
0.2319995309468725
0.2321478080621504
0.233672878447048
0.23116887136268058
0.23379385308494852
0.231630853330551
0.2328583709290714
0.2329937364411886
0.23143072486159802
0.23397102620862087
0.23121441853181968
0.23339337896822765
0.2324027759336414
0.23192704396365527
0.2337844337151507
0.2310471904221104
0.23373079824657472
0.23203051209994524
0.2323571172807395
0.23327504685539793
0.23150746134775138
0.2335945177729432
0.23167364531010431
0.23305650970530206
0.23257750274205075
0.2319336170206487
0.23349629318263365
0.23152437493433667
0.23335448870671097
0.23220200953037626
0.23233640399268304
0.2331812786107037
0.2316358894114669
0.23340162774726458
0.23209250582725566
0.23250133509597357
0.2329405064378668
0.23191507446229676
0.2331997509594928
0.23214892612438673
0.23249956188982623
0.23298359510609157
0.23192249243940602
0.23294914007900275
0.23261247257825404
0.23213587932946023
0.23303663879494915
0.2320780402555942
0.2328165961500708
0.23264694405345937
0.23200135135104305
0.23341574342360275
0.23165588549354313
0.2329980189836578
0.23277386255479798
0.2316973904816798
0.23370881539773056
0.23146598548201114
0.23312681861138804
0.23260354138280714
0.23193124442571705
0.2335574189355472
0.23135517903575484
0.23353933585499181
0.2320445081626629
0.23238347227410275
0.2333517999715726
0.23133104987928238
0.23373909273812174
0.23170079143640043
0.2328496913760232
0.23284651386998528
0.2317268670865745
0.23357257491590105
0.23156110029047283
0.23331971207171118
0.2321460367116613
0.23240919653679076
0.23319720836099497
0.23152889331123797
0.2336334126353148
0.23168800880779006
0.23296094852066201
0.23262909634433632
0.23190542115506485
0.23365153859623602
0.23131232040496066
0.23346635373437216
0.23220137727320722
0.23218248761763097
0.233489503350148
0.23133351318324838
0.23364610799258037
0.2319356333399022
0.23236266391890262
0.23337432314287815
0.23154051319526386
0.23331868353747667
0.23214808748573898
0.23252162530605713
0.23289625629343888
0.23201338890348494
0.2331086160409572
0.2321268372471706
0.2326312611024121
0.23273004694803762
0.23222051839448685
0.23293979276081317
0.23218896754842067
0.2326813496522382
0.23264924622142746
0.2322551853994974
0.23293965406156836
0.23216527156277664
0.23273774720999452
0.23262081197726675
0.2321610180648354
0.23313230862330947
0.23204238374905423
0.23267682665721162
0.23278331587864878
0.23209590242724956
0.23298413462742348
0.2322545617869474
0.23269757472968017
0.2324311274230268
0.23256671308179017
0.2327364592678407
0.2320879176501834
0.2331575752082695
0.23198044699230352
0.23278777038445514
0.23274418559159898
0.2319780579094201
0.23329990767217543
0.23180506030942158
0.23298255827132672
0.23257085752800313
0.23210790383563346
0.23320379651821066
0.23182117829367802
0.2331506864221323
0.2322086372655695
0.23253518194390055
0.23290320903838957
0.23183796251109481
0.23344715383807974
0.23170959933790927
0.232992483415842
0.23274643993509878
0.23167664441222283
0.2337027126820648
0.23155627684453178
0.23305684397625864
0.23261557047358306
0.23190655546574626
0.2335526801706314
0.2314816698153293
0.2332836228844642
0.23239454640447677
0.23211043309077423
0.23329967353549033
0.23166155035767563
0.23341181742963377
0.23193102573929752
0.2326391949100733
0.23304714448458752
0.23154107786296535
0.23372910757829354
0.23161081744927484
0.232873673310097
0.23294285240885695
0.2315064132492724
0.23382245928790138
0.23156074945977884
0.23291529111032314
0.23277146207700564
0.23183699461096746
0.23352179079562926
0.23157119945321708
0.2332253293677791
0.23236309495569615
0.2321743246404569
0.2332724775507974
0.23169087949493383
0.23338037332273115
0.231852340791447
0.23283520690460605
0.2328644326052059
0.23160718199103897
0.23384265657211298
0.23131518125736575
0.23322184211307306
0.23272178001408328
0.23148066850434776
0.23413133369845174
0.23108093116071485
0.23329112414456535
0.23269980096901893
0.23164761263970307
0.23385617505164527
0.23118066419347624
0.23354356159190964
0.23223274151971968
0.23204108731677106
0.23369460132479727
0.23116033940063285
0.2336835691588579
0.23193868047569247
0.2324724119009179
0.23329529276070216
0.23132401712193873
0.23380335141634265
0.23164411510147578
0.23284223069481538
0.2328972952971793
0.23167559399693244
0.23363350882981143
0.23151629113257227
0.2332370363388523
0.23238868891076653
0.23214467440300965
0.23331754405375085
0.2316052801702805
0.23343475873727912
0.23187220559554264
0.2328444528739807
0.23276746584571079
0.23172266286359644
0.23372704025866015
0.23143130800755896
0.23322556605448544
0.23247287284348386
0.23197017273721557
0.23357408887742964
0.23138683957579265
0.23343654580139891
0.23223116561216314
0.23223748062490862
0.23318050006985286
0.231840860923991
0.23323672134880682
0.2319145366429692
0.23291973084184425
0.2325903664706907
0.23205147256148903
0.23330444579177154
0.2317903164914343
0.23307313458706638
0.23233390497848558
0.2323419228902627
0.2331339720821422
0.23180608003379385
0.2330911957471218
0.2323786423423269
0.2323277996771488
0.23297527991715147
0.23211127820475894
0.23278892472274834
0.2325507514861495
0.23233269231397577
0.2328078997500356
0.23237833965366905
0.23255705682808586
0.23262763408250461
0.23237744217238618
0.23278588873664705
0.23229302624362438
0.23267999562392816
0.23260311362069236
0.23225083637447036
0.23301418729167145
0.23204057918458498
0.23289237904261886
0.23250089156558723
0.2321867668252777
0.23318675379768716
0.2318841579977901
0.23303075100492848
0.23226991953472795
0.2325264864726522
0.23291646061715465
0.23187054916023686
0.23334114015058355
0.23183465062277586
0.2329503058030058
0.23253584513576445
0.23214041050702286
0.23333796784604227
0.23150715088868348
0.23347074622644715
0.23201813818595704
0.23255207173474585
0.2330486894721336
0.23162048312105651
0.23367496190462314
0.23146209129323275
0.2332579420321759
0.23244541963660564
0.2319880930168344
0.23361313267974132
0.2311453142146072
0.23392244531029052
0.23168295986016074
0.23250849393679981
0.23349201560458946
0.2310027358166002
0.23409841077697063
0.23151018181107186
0.23282000527706354
0.23297341835304589
0.23159940977086657
0.23368585428116634
0.23152235827204568
0.23322115750785694
0.23232007175403635
0.23228393509842296
0.23317304974631947
0.23173190756230624
0.23334815167404702
0.2319391776013406
0.23274782471756836
0.23278302132821715
0.23200154411807497
0.2331396251469074
0.23211602234908452
0.23270217025944417
0.23257724912413955
0.23243680041742318
0.23263936452983713
0.2325191120927524
0.23246331822589786
0.23262054344592367
0.23263089903129971
0.23222274250500366
0.2330184591510918
0.23209435955217525
0.23274603391264823
0.23268131287262167
0.23211429845287818
0.2331383666380678
0.23195711766846516
0.23291593387789963
0.23244581256147373
0.232441220496427
0.23280645944684356
0.23208414449263218
0.23315883602066295
0.23188796068957543
0.233026565112299
0.23249205976988654
0.23206466109171026
0.2333666705870401
0.2316681190773351
0.23317078213627263
0.23238121572132756
0.2322338960722953
0.23312047867900584
0.2319075884319032
0.233069315641744
0.23226475697479296
0.23252537878723137
0.23277535400313623
0.2322314156947518
0.23277866556221968
0.23242702859464023
0.2326636479437727
0.23233503169662223
0.23272014686175135
0.23252234505936803
0.2324068097609479
0.2327637658233016
0.23230970937637363
0.2327450855520521
0.23236191573859438
0.23267461704456802
0.23253877187080516
0.23240795441644088
0.2327548377641515
0.23225978734558342
0.2328728418972375
0.2323064518744788
0.2325372201392283
0.23279609639449148
0.23216465299600592
0.23286725546631726
0.23239924867642173
0.23248944775506677
0.23272464511545238
0.2323301248796228
0.23264889189475532
0.23262622188425244
0.2323792828534931
0.2325664074548668
0.23273651991749708
0.23225053422715028
0.2327351786792662
0.23258625987378584
0.23226806153997728
0.23291963481587785
0.23221349035965774
0.23268910690909106
0.2326778825802766
0.23215940617508182
0.23296521873412945
0.23229142922917587
0.23254697461352014
0.23274149723069987
0.2322684967877379
0.23274975409566848
0.23243487027465243
0.23258987482041557
0.23254091851511272
0.2325018333775415
0.23263140892082074
0.23235417058633367
0.2328215877381278
0.23232831292604242
0.2325240660731065
0.2328160271262878
0.23213993842249772
0.23283850755034508
0.23254801534268849
0.2322801557076618
0.23284701610936412
0.2323499500005997
0.2325640663746545
0.23269940831642316
0.23227143796830768
0.23279799661732753
0.23246074859232332
0.23232503909216112
0.23299678755028783
0.23212786931615503
0.2326676275325363
0.23274978547520167
0.23209731151642576
0.23306166543351023
0.2321489029609783
0.2326577742586773
0.23276447225343305
0.23204088041852033
0.23311537078337974
0.23214481784886923
0.23265329870220716
0.23270254135037136
0.23215559645555267
0.23304376921501274
0.23215054531168378
0.23262486385115652
0.23278072081454146
0.23217289281437106
0.23278023351953292
0.23257205317943558
0.23232230156233466
0.2327859563881498
0.2324112365335694
0.23245275988392577
0.23290594845499704
0.23200969975417765
0.2329818549463315
0.23244853373755292
0.2322042455948086
0.23320538473249644
0.2317857921575429
0.23315359695710405
0.23225964228799084
0.2323694229950461
0.2331734092055455
0.23164071031622258
0.23343198573937363
0.23191607179422777
0.2327177916004037
0.2328935209046991
0.23176836704190223
0.23351048903935545
0.2316234980379236
0.23319231817768907
0.2323329069230387
0.23220864223876184
0.23343109337678392
0.23130530636294053
0.23366381019499882
0.23197771480488877
0.2324118916336168
0.23323254459993134
0.2315579647816569
0.23352089612362603
0.2318157760522507
0.23285628765395072
0.2327225654092982
0.23193473794366787
0.23334966351960335
0.23178810010141074
0.23304631051411667
0.23242635489730654
0.23226462576877419
0.23306843596221638
0.23196498498765375
0.23299288935947124
0.2323448240817952
0.23245472171163398
0.23285864091132835
0.23211980562578052
0.2328824327834594
0.23246533118538357
0.23232819191591172
0.23290452690900057
0.23223044930460598
0.23264766854116706
0.2326904753683385
0.23222332458728254
0.2329118907604562
0.23221655252142964
0.23271143531773522
0.23265099127910593
0.23214664958819517
0.23307272979002402
0.2320864853019855
0.23279028850707253
0.23252290561337363
0.23237102860811853
0.232891435314038
0.23201799421225497
0.2331349051949891
0.2320908822805627
0.23270090009969788
0.23270306434703047
0.23208616533942683
0.23325179920010855
0.23170101737028262
0.23327229001417346
0.23223816987491752
0.23220707619507278
0.2334516933920952
0.23137464347388512
0.2335819922379592
0.23198283301606062
0.2323967355909493
0.23334816001272132
0.23139110236208885
0.2336265400198618
0.23186623698163675
0.23265300394925825
0.23295499074517026
0.2317525991648147
0.23350324703489855
0.23171056163354847
0.23296208474228733
0.23261085931122832
0.23209879868345765
0.2331939688989493
0.23184635720721133
0.23315365237826607
0.23212366217893765
0.2326286883477147
0.23288731168465013
0.23183426800852727
0.23339623936312265
0.23182387853435327
0.23285764907804776
0.23274599950299762
0.23194241125016823
0.23329883423198086
0.23183361255580104
0.23304101069669464
0.23239458797994544
0.23226220102096706
0.23320274691610612
0.2317201062101362
0.23321325386750513
0.23224122825544816
0.23242699487466761
0.23301962502694173
0.23183641319759374
0.23324694486856432
0.23208306836722947
0.23262430597319275
0.23282691832663716
0.23200496809958293
0.2331709233726317
0.23198509233688624
0.2328666178723402
0.23258638076005198
0.23213563819184566
0.2331356971814579
0.2319645830735059
0.23297811549746164
0.2323463701202156
0.23241117502549985
0.23300613028034825
0.231857811990827
0.2332411499341306
0.23208016317901697
0.2325801490268951
0.23297100298723739
0.2317511441511011
0.233444205806093
0.23188250943119407
0.2326956156719566
0.2329245603715127
0.2317909097808298
0.23340584008988294
0.23182707727436286
0.23293953436886733
0.2325319555441682
0.23214487275520615
0.2332863322285016
0.23163791485529833
0.23336656765403885
0.2320390615190407
0.23252895747831134
0.2331034639612822
0.23159802752732364
0.23361190546332578
0.23164123112936685
0.23300043036199622
0.23266271970063543
0.23188183382430377
0.23358906919423583
0.23137514929744848
0.23348716605952946
0.23209674508620493
0.23237288049689533
0.2332697641684299
0.2314821710892029
0.23365032878767206
0.23160031609142684
0.23314046874479152
0.23248609081034916
0.23194498509696646
0.2337002660226491
0.2311238065345705
0.2337943189407302
0.2318606416302873
0.23243711992800997
0.23340772005255864
0.23117378727807672
0.23397120142529426
0.23150798794998712
0.23293868114135885
0.2327814605478072
0.23180224341308237
0.23359272490701305
0.23141283886098718
0.2334940958067862
0.2320055351058072
0.2325387916319201
0.2330505893957862
0.23165099966651692
0.23367375596602138
0.23141207971864713
0.23330950002088455
0.23243762599999052
0.2319277627164212
0.23368403750346767
0.23123391706123664
0.2336035089300365
0.23206189887305678
0.2322905736445627
0.23342850538736898
0.2313762516816373
0.23354120012040408
0.23200964655706174
0.23252308813278597
0.23305631611489847
0.23173156475738366
0.23333254834968892
0.2320731983216091
0.23253864930902274
0.23295685328803492
0.23196621029321635
0.2330046780600487
0.23235949708266956
0.23239280080630798
0.23295163760419374
0.23209151643288137
0.23280248956703567
0.23256856418503502
0.23225755226483952
0.23298929737511748
0.23208637929905834
0.23284830476834295
0.23250695539902164
0.2322527465260516
0.23307398471827265
0.23197043116415703
0.23298675394358517
0.23230900863147577
0.23249530222183773
0.23291107092867386
0.23190848624377988
0.2332869849942348
0.23190733157835108
0.23284382412115173
0.232697493169318
0.23194529399827166
0.23345312392129872
0.23157910696260406
0.2332071972294411
0.23243207937530386
0.23208006809560425
0.2333800860337055
0.23162034247013932
0.2333018323134705
0.23208038363111919
0.23263412662984992
0.23287833220371543
0.23180425957000764
0.23350558481397574
0.2316319234088158
0.23312310125373426
0.23247830631037836
0.23206163493381393
0.23343567988071193
0.23148312954924385
0.233448058960774
0.23209040701755015
0.23240298896883874
0.23319617478590562
0.23159483205307596
0.2334885365020948
0.23190461994095055
0.23268449817972053
0.23286164666979
0.2319709398438018
0.23312176284118652
0.23208588491662743
0.2329016772027992
0.2322473162785855
0.23267334157148453
0.23270608072512222
0.2320954407756262
0.23312778855713473
0.2319815443158056
0.23296023329940233
0.2323463117740846
0.23244442365494616
0.2329668105928472
0.23190569394331106
0.23315528626371645
0.2321292782471425
0.23270606374831626
0.23263486279128218
0.2322042945817409
0.23305714123555563
0.23198700972005618
0.2329685766887861
0.23236285992376035
0.23248240542529333
0.23276929529191207
0.2321960985303145
0.23295331423251156
0.232162096434867
0.2328173099122176
0.23240669304984962
0.23250953250907785
0.23275308189571806
0.2321894981077803
0.2329684320155346
0.23213394477750038
0.2328452719022495
0.23240424008911206
0.2324613927325305
0.23289247427918125
0.2319651894977573
0.23316723590301125
0.23209396644530728
0.23266127119590244
0.2327830277980244
0.23204562280207924
0.23310718421787213
0.23208325968224727
0.23280159697940941
0.23249322975892606
0.23241895749941022
0.23280468359439796
0.23216908103475156
0.23294517347977128
0.23224986422335048
0.23263259365686717
0.23262065896927991
0.23239738820446634
0.23268438507402886
0.23240123079393307
0.23272822162898668
0.2322980518874187
0.23278712577203498
0.23237309249068094
0.23259081961265585
0.23265281300208307
0.23224607986991638
0.23298611328821764
0.23206079468257748
0.23291655372082595
0.23242198741517392
0.23233714576292872
0.23300937998887689
0.2319647840076885
0.23306629553651453
0.23221572112471836
0.23259619956027708
0.23274464466888325
0.23215005127187702
0.23303511835325877
0.23206701974082147
0.2328862038080267
0.2324117168103714
0.2324147831826395
0.23289328740012233
0.23210240164338425
0.23292200995868642
0.23231180006939028
0.23260003607593102
0.23261793530143365
0.23240914566836093
0.23267806730049237
0.23243222953389783
0.23262425315124458
0.23243642747798712
0.23273884800012778
0.23227382439613176
0.2327799200734887
0.2324350523397355
0.23246475996141427
0.23282531356508807
0.2320628080257249
0.23316815065345153
0.23190900432573733
0.23294278275785196
0.2326022168077875
0.23195402386565672
0.2335391268224825
0.23140013047925057
0.2334767846892665
0.23215863559684036
0.23218752715845056
0.2335779703342004
0.23111824480283785
0.23391948234551424
0.23165182673475163
0.23264276414970148
0.23329118592013337
0.23119245128632415
0.2340091591445978
0.23143503162849158
0.2330439464847034
0.23266298072956915
0.23188678173519764
0.23359267253269891
0.23132330980324367
0.233612523696393
0.23194806614886593
0.2324754621511122
0.23322281391926397
0.23147555290399238
0.2336791009991412
0.2316783431897229
0.23288569003498288
0.23275565456695133
0.2319194930671585
0.23335081817492048
0.2317836081298045
0.23306097499410053
0.23235935469405994
0.232395779140684
0.2329182351219813
0.23209205563711705
0.23295423269524582
0.23221682963840554
0.2327247017228169
0.23256278798526114
0.23234118747958715
0.23281691952197148
0.2323208922763475
0.23263009561167672
0.2325769354726169
0.23246757988656905
0.23257513755331136
0.2326104478491305
0.2323507158345916
0.23278733866543733
0.2323990050764458
0.23245476500999493
0.23288674839015458
0.23203055249083412
0.2330334530041751
0.23227590760953346
0.2324755069926635
0.23292227923585498
0.23197344429523808
0.23312152800973868
0.2321025471620153
0.23276419501591725
0.2325974294771409
0.23215440974496127
0.23322621021381526
0.23175954336711593
0.23312862499139297
0.23239905432541128
0.23218904372969823
0.23322529617298893
0.23179409474197007
0.2331331405978448
0.23225537859120546
0.23245300451040207
0.2329745026569534
0.2319241301364571
0.23311563570397786
0.2322214470063625
0.2325384782708781
0.23277535926705706
0.23223847393102195
0.23281707652663267
0.2323311611599259
0.23268222085483037
0.23247303024489355
0.2325339074048516
0.23264021571167492
0.23236938602721469
0.23274610144379573
0.23237422795404464
0.23259558771717648
0.23262667292443312
0.23241659471624623
0.23258451634515334
0.23260265974142047
0.23246036263647565
0.232555875546776
0.2326417565309468
0.23234604743440804
0.23278385912789135
0.23232916808520168
0.23260366508510721
0.23275058744266247
0.23210609281407646
0.23299629354522947
0.23226777253885364
0.232577667807522
0.23271014803058201
0.23222547200499818
0.23295883458508895
0.2321126824656488
0.23283891714889673
0.23249490392923955
0.23234914055914113
0.2328983378311618
0.23209067565914876
0.23300059320970684
0.23221933245879656
0.23260600260592929
0.23276015526608965
0.23214164923828684
0.23297123830749786
0.23219084826994918
0.23278972005313467
0.2324131455549874
0.23252791485052798
0.23270248108851166
0.23224917964576708
0.23296047495985395
0.23204937983047352
0.23298115771062014
0.2323224221826647
0.23242566780861684
0.23299785337687684
0.2318800384648025
0.23320836721761942
0.23205421942249269
0.23273725451908892
0.23267713684664468
0.2321270244627968
0.233139715075523
0.231868401326822
0.2331661588128988
0.2321286393189303
0.23260827997173783
0.2328751967330584
0.231869087612523
0.23340147796331373
0.23170286649269745
0.23315406372247452
0.23235126921777158
0.2321883379254707
0.2333911143479666
0.23144678745337974
0.2335525085780206
0.23190683774075982
0.2326368816201016
0.23299941101684707
0.23164983935408756
0.233663713871492
0.23148574199126468
0.23321525759527245
0.23246933929240715
0.23197811678146393
0.23359381223164835
0.23132402983010533
0.23353269419731032
0.2320947950867399
0.23231948563998975
0.23332986528714963
0.23150486306311147
0.23345757735711706
0.23200449902702422
0.2326172492148651
0.23287860185843537
0.23194453081505195
0.2332091398554784
0.23199453730878042
0.23282309071493787
0.2325790192161895
0.23226022154837006
0.2329443033164443
0.2321381464160236
0.23283738502114415
0.2324452157315586
0.23242370156411812
0.23281158142367236
0.232242056278707
0.23275730592418067
0.23247408902662792
0.23244771515971915
0.23279759362927088
0.23219199432216897
0.23282500962873506
0.23249560983874668
0.23230716683749755
0.23297111343977842
0.2320667302330439
0.2329221236232261
0.23238152065367335
0.23238254766712357
0.2330595897745796
0.23177490719553936
0.2333052072468663
0.23207375324007237
0.2325136849087048
0.2331260393586308
0.23153203020865679
0.23365706941982445
0.2317334729442536
0.23273430025234085
0.23304024977113516
0.23153881014926844
0.23371114150094535
0.23155955030815115
0.23307061962955825
0.23260710416387992
0.23192207829903988
0.23351791838135588
0.23148173448111659
0.23342350957646113
0.23206738931877544
0.23247721483734182
0.23313327609387136
0.23159010271115515
0.23358589023009532
0.23169583251794
0.23298257686945326
0.23261049941872464
0.23196943654267246
0.23347310544729516
0.23153685921670433
0.2333180694152587
0.23220473814385004
0.23238173048470007
0.23311007868431097
0.23175855024044342
0.23332766710642766
0.2319561764472004
0.23277876695581112
0.23269509212418693
0.23208563369986296
0.23313714488237056
0.23200932902474433
0.2328519716526086
0.2324986769533511
0.23239845656052488
0.23274832943685325
0.2323747771517932
0.23263909674194513
0.23248368281303583
0.23261438265361423
0.23242236492264762
0.23271998772100977
0.2323450403031214
0.23266743073138393
0.23257720306594493
0.232330832084962
0.23286961963274527
0.23220000086760567
0.23281510723899232
0.23236868277466313
0.23262142378251002
0.23257554678724696
0.23234883275680707
0.23292773594757762
0.23199876138742603
0.2331208132359519
0.23212444070338292
0.23261694343786332
0.23288424522852186
0.2318529190687865
0.2333924442573197
0.2317837727511049
0.23298226346728637
0.23253932488147114
0.23211855871248102
0.23327825932547377
0.23168170829695106
0.23332081444015823
0.23202206086133206
0.23268156081669367
0.23283328957484775
0.23186534397230993
0.23347264691194503
0.23158249359807878
0.23324050750918096
0.23234275375326463
0.23219855313829477
0.2332798034507712
0.23164570994575406
0.23338431883292945
0.23191112238724743
0.23284066105437276
0.2326694286309114
0.23200130100609453
0.2333433026890459
0.2316906685053428
0.23327061715843359
0.23208221721065148
0.2326108577010528
0.232922194113877
0.23177493819568504
0.23350759186789274
0.23164448902568915
0.2331283183065096
0.23243422151056342
0.232114910599434
0.23339894144817838
0.23153174446521962
0.23339175866952327
0.23206511170170332
0.23257127940255007
0.23294515180335396
0.23179602490539694
0.23345590706855096
0.23172716996140255
0.2329932807418562
0.2325814823342664
0.23207582908430768
0.23326081019077133
0.2317799107338
0.23314296824317365
0.23226483739526405
0.23244089358572312
0.2329472578965736
0.2320040480456781
0.2330381742829307
0.23219195833580802
0.23271974127958822
0.23253654273163304
0.23239272039760656
0.23280806474050744
0.23221289343302776
0.2328775363107525
0.2322715255182391
0.23268813561895335
0.23254298549011215
0.2324052119309289
0.23279300607563214
0.23221832872393103
0.23288154607151357
0.23226222090163376
0.23268196250560935
0.23258986958076866
0.23232823203042802
0.23286847534162924
0.23215769443844655
0.23291937982747749
0.2322620409131742
0.23263702641621703
0.23269177255175816
0.23216015048038297
0.23305673031084898
0.23204355463866905
0.23289095078808977
0.23243314566328452
0.23239760278880625
0.23288149889558207
0.23208763091350013
0.23304642302985523
0.2320683209450965
0.23288076438975303
0.23245475065588156
0.23228868349132953
0.23313544526080618
0.23175095098323342
0.2333008827460795
0.2320482488070731
0.23260179834478886
0.2329749803154153
0.23171009005859422
0.23354265850374153
0.23169474001124257
0.23293596828870824
0.23273121558321064
0.23187826639499814
0.23343741101796667
0.231667849111219
0.23318467955291963
0.23229943270610756
0.23229839896685306
0.23321559508778392
0.23166724967824942
0.2333152621489802
0.23209831272434725
0.232572793008353
0.23290680256558885
0.231886020219849
0.2332893403903306
0.23196111185622925
0.23275620784793427
0.23275215467192548
0.2320091239444543
0.23320170207499563
0.2319812325012543
0.23280350372975056
0.232694365279934
0.23203311700415288
0.233195799356857
0.23199009924173042
0.23281527308119634
0.23265049062890214
0.23203766244625335
0.2333233119107644
0.23175758177502795
0.2329934449124579
0.232652897422037
0.2318917548074041
0.23349126390484878
0.2316098300794108
0.2331722384933415
0.2324324619291937
0.23205136888207953
0.23351487230181006
0.23139041094946683
0.2334913586614613
0.23211029337591535
0.23233108081433418
0.23332204321497071
0.23141740959340984
0.23369705046906292
0.23168806536357
0.23284661250749136
0.2328998794890677
0.23158704658239135
0.23382858058635164
0.23133505349697212
0.23327394484567582
0.2325165991046501
0.23188166114663375
0.23364615333601457
0.2313399140535616
0.23351301266530533
0.2320687574157133
0.23237699936942074
0.233294541229262
0.23144705426591566
0.2336316410578822
0.23179723999765062
0.232732919114711
0.23292469656361262
0.231738300639215
0.23351106456039658
0.23170219713783194
0.23301172507146417
0.23256363161813867
0.2320569617020262
0.23332558570415654
0.23172394529808282
0.23313540501985164
0.2323368234670381
0.23233082388939155
0.23308045738051938
0.2318575191476017
0.23315829040426095
0.23218266893319733
0.23254325981344245
0.2328794340783089
0.23200432795873532
0.23309248050352227
0.23214951547006907
0.23267270271743812
0.23268900667273193
0.23219081972077543
0.23298442511616227
0.23213149531966748
0.23280059801652186
0.23253021250918296
0.23229381982233707
0.23296745038978836
0.23209738757905285
0.23283976521000802
0.23249656241358693
0.23232776028356614
0.2329502087340396
0.23207141037778653
0.2329017178496298
0.23244315802303667
0.23233062934029347
0.23300799596936558
0.2319684349274078
0.23302181807200578
0.23234937287975063
0.2323488693969162
0.23308050346167503
0.23183866190161256
0.23317354085773215
0.23218007941222654
0.2325193210845302
0.23298161758461572
0.2317799978318305
0.23340027478244946
0.23186981666881556
0.23281208730151476
0.23275451396025482
0.23191415362077794
0.23342458190942064
0.23162089425121143
0.23325620001409586
0.23225452920411277
0.23230735594086724
0.2332478972133752
0.23152994906728333
0.23361760617516236
0.2316960755001801
0.23289677667796285
0.23281537251957343
0.23170138307139324
0.2337099726594984
0.23137451164853765
0.23340488229625808
0.23221203812884855
0.23224091944952638
0.23339461269786244
0.23138827587236085
0.23368050725607079
0.2317015419082505
0.23289446456443047
0.23276276140772234
0.23179115610019863
0.23363568842376045
0.23142125066778108
0.23335860540663242
0.23224505855041397
0.23228742471469585
0.23322824452492424
0.23164825527720692
0.23338371060278212
0.23197400295179918
0.2327241451667462
0.2327297781755789
0.23211218641607417
0.2330449302001759
0.23211195660039646
0.2328156383977078
0.2324409569499655
0.23252619197172814
0.23259271685300015
0.2325148262153829
0.23253495664543444
0.2325561674560738
0.23258882907013848
0.23236110370365057
0.23289009295138574
0.23206838599993565
0.23302546316947806
0.23222234459075486
0.23253640800781253
0.23295952075960186
0.23174502022110882
0.2335508110112032
0.23161183986222228
0.23308040600037533
0.23261761162572306
0.23180608259374597
0.23378322029715856
0.23112792443430896
0.23372292341135772
0.23195949505030422
0.23231687356125835
0.2335511769383195
0.23101755810519653
0.2341572696620786
0.23130001378126586
0.23304303857969852
0.2329410893612479
0.2313504925314512
0.23418694461786135
0.23093298263173306
0.23362817579210668
0.2322895508749769
0.23193949317807963
0.23376214425501068
0.23109459288418793
0.23380809785125375
0.23178472112762977
0.2326194293656988
0.2331197786807605
0.2315359201918305
0.23364275959314482
0.23165323225046927
0.23302522466630066
0.23254839115475895
0.2320787484391868
0.23330058620511146
0.23175459095144607
0.23309665910961647
0.2323652843546613
0.23236012302772427
0.23295797928999268
0.23205798335164812
0.23291714605299949
0.23243330712551946
0.23234502165787474
0.23291350373570963
0.23223136257272622
0.23260472778310454
0.23277330275854044
0.23211555062306052
0.23299118964302704
0.232261998744728
0.23249197391470772
0.23298126495721813
0.23183511298307433
0.23325572741996953
0.2320948366209983
0.23255430901748544
0.23299096319962434
0.2317505922721685
0.23345077093151173
0.23179851850151217
0.23286577952929519
0.23276679126744798
0.23183060634565486
0.23352969778776392
0.23156865092493506
0.23320069404675692
0.23242277246499038
0.23207902072189604
0.23342627497483492
0.23153735527731717
0.2333570267262824
0.2321280181734004
0.23248496703838106
0.23303059185331962
0.23175778933545021
0.23340892413867137
0.23183468095621065
0.23289843595851237
0.23262678201008985
0.2320595124091282
0.23327012061535024
0.23177372091442464
0.23315376276155422
0.23224285818800258
0.23245672421622568
0.23298154834140264
0.23187829013553324
0.23323796458949073
0.23201333376884264
0.2327768164096
0.2326283464478005
0.23218561051882164
0.2330781249105501
0.23194906280034222
0.23305367196701818
0.23224925215603567
0.23252190432366102
0.2328796075874546
0.2319990104647557
0.23311331308463493
0.23211086416079632
0.23273546695084094
0.23260274047059773
0.2322793535796821
0.2329223698362124
0.23214684714361633
0.23285765437628242
0.2323568755579048
0.2326071374207315
0.2325777344455639
0.23239651649901075
0.23282012830025967
0.23215354631580654
0.2329497183622436
0.23225277216629042
0.23260733041914597
0.23272700668913293
0.23216193953266387
0.23300825758572877
0.23212885943610467
0.2327942484779429
0.2324918238589524
0.23240475243803835
0.23283166665495475
0.23215996872366346
0.23293262199312353
0.2322437792104961
0.23267180863870965
0.2325973090461018
0.23234045602950604
0.23284975070482805
0.2321733820791661
0.23288841139076616
0.23232876393130347
0.2325591186343783
0.23270284533152616
0.2322840266370505
0.2328168414412669
0.2322971479943127
0.2327378876857529
0.23241547330986434
0.23259136832062413
0.23256767904847941
0.23243376617384406
0.23275668324290288
0.2322277854803147
0.2328984637489771
0.23223716318991516
0.23270961982225924
0.232568147798936
0.23230293256834575
0.23298006321980108
0.23198328167838198
0.23307726882909569
0.23219059844065645
0.23260573337799573
0.2328038038677101
0.23198156600162578
0.23330084251573202
0.23177405416086277
0.23308603372843417
0.2324164357061221
0.2321885543851386
0.23328021112768782
0.2316231653318826
0.23340380720074097
0.2319641435658165
0.2326773712047792
0.23289297864874817
0.23179470894737075
0.23349568184737246
0.23163107468285166
0.23317215699115607
0.23235537971122092
0.23224700675364374
0.23323201722852382
0.23164383046338424
0.2334269565991798
0.23187780443425482
0.23283003265925786
0.23270088691386037
0.23199075745156694
0.2333291300304554
0.2317221201828747
0.2332112009165776
0.2321507304616122
0.23260083174684956
0.2328226038415523
0.23196394850977756
0.23331160321089842
0.23175535583682746
0.2331502179587638
0.23227220336215404
0.23241503623906032
0.23301470140612734
0.23184348984607747
0.23332369667808672
0.23184636427072697
0.23298196773941804
0.2324739633448602
0.23223019493722752
0.233137388967384
0.2318219748033864
0.2332364421257232
0.23199451273494962
0.2328401893088223
0.23257776853529458
0.23215142310633358
0.23321941197090826
0.23173923830005255
0.23325980134413726
0.23209899670865658
0.23261402834796063
0.23283647463690604
0.2319658455573014
0.23327044350464243
0.2318189626440055
0.23309831414124593
0.23229156956821448
0.23242405604405017
0.23299486281007337
0.23186573729638593
0.23329162054915983
0.23189823493518189
0.23290810262623174
0.23256252054388196
0.23214464685594632
0.23319284210230673
0.23183270689480134
0.23311934942318185
0.23223267430725894
0.23253275370265744
0.23283432640733978
0.23207552232405176
0.23305843565967013
0.23208034320859844
0.2328608098277652
0.23245151834135833
0.2323711823011059
0.2329113983623905
0.23211881890476124
0.23288286325520408
0.2323449682406563
0.2326023177633977
0.23261227616677524
0.2323424660961881
0.23282524664006563
0.23228246761569954
0.23268410153217753
0.23254158488652873
0.23244102151056892
0.23269569427178985
0.23237455204629642
0.2326762710109596
0.23251677649739408
0.23241009016091602
0.2327926801113492
0.23229664170159886
0.2326414880532958
0.23268674107734807
0.2321579291815787
0.23303614111236085
0.23215772032914914
0.23261227514012836
0.23286982307757237
0.2319128628138914
0.23324690910195697
0.23201192217064598
0.2327129604756562
0.23281149649100455
0.23188973245475494
0.23338692221633298
0.23177306732335418
0.23298726720027757
0.23256908951004826
0.23204300008584625
0.2333796108162361
0.23159352382253973
0.23333489932973703
0.23215399318689506
0.2323773284410596
0.23324920440493976
0.2314809572656836
0.23363988335591937
0.23175661432336975
0.23276150508819538
0.23296972006750727
0.23158223849187673
0.23375997057792008
0.2314289453701552
0.2332104707057188
0.23253606776027833
0.23186541765296584
0.2337137971928207
0.2312210676171641
0.23361911427050486
0.23204167009550988
0.2322937157462331
0.2334921872164462
0.23116214578200814
0.2339318332570966
0.23159281256864664
0.23272538577987706
0.2331950153298335
0.23128097915467524
0.23398332529086616
0.23138591953881982
0.233072362813105
0.2327664075988032
0.2316634927273168
0.23379234859830772
0.2313129739277766
0.23337133468693688
0.23235176360648577
0.23206545920404156
0.23351877731607626
0.23137889400315742
0.23352017780220952
0.2320690504957058
0.23235904833855273
0.23330270393958205
0.23149078849020174
0.23351024400905995
0.23198661245323696
0.23249868506126775
0.23316933243998408
0.2315705538908052
0.2334783468709023
0.23200077815914538
0.2325041907533739
0.2331174464765045
0.23165056586168853
0.23345233088186954
0.2319104551552148
0.23267026576511923
0.232991725617351
0.23164456645928144
0.23360263217168414
0.23165632537094127
0.23296643019205618
0.2327445641286871
0.23172917591169787
0.23374994548282152
0.23131301380746422
0.23339127430519419
0.23235249566500873
0.2320070187757224
0.23365833455037818
0.231155622542842
0.23379708802477464
0.23179838841172962
0.2325528579930042
0.23326021099080066
0.23130740490784943
0.23396036704709042
0.23130942788978368
0.2332601863292314
0.23255620305805003
0.23177505590741382
0.23385979492342215
0.23104365677653418
0.23380070409045395
0.2318852920603787
0.23239968346507617
0.2334491125310254
0.23114669945876284
0.23399147138789814
0.23148773329955508
0.23290524848631608
0.23292405966483115
0.23159382199172895
0.2337339394003923
0.23146813799485647
0.2332104008704806
0.23242667458218955
0.23212301579669473
0.23332982346781644
0.23165405493238558
0.23325151232708013
0.23221514951405164
0.2324226186658742
0.23301705007606416
0.23192248698550966
0.2330711837183122
0.2322768190368405
0.2324881736440719
0.2328530573717794
0.23211644827583758
0.2329226688976978
0.2323456194472377
0.23247767743176842
0.2328514633993524
0.23209737856118606
0.23297051011934233
0.23227746584475328
0.23253937405085073
0.23285015879178672
0.23197970513319324
0.23321345115862455
0.23198465447433092
0.2327661048099356
0.23277531076996003
0.23188168279265273
0.23345159917874922
0.2316719437816072
0.23306835221295732
0.23256349344754879
0.23196550277790923
0.23348265017861927
0.23154971424610282
0.23328250248357696
0.23225809911128675
0.23230538320741062
0.23322317618806107
0.23162440914978086
0.2334163063827577
0.23197739762559969
0.2326358847029819
0.23292885458824877
0.23182402491806442
0.23334121384333495
0.23192599747159623
0.2327932676834856
0.2327024822376886
0.23206564972929486
0.233148389019065
0.23202422709932577
0.23278974061014665
0.23264372740838346
0.23216281778075598
0.23301615158783529
0.23217635602873626
0.23266574693280367
0.2326945340791219
0.23217588340480194
0.23299252069791643
0.23217956925931701
0.23266030188451264
0.23273538882234815
0.23210155589530873
0.2330800796426744
0.23207879947630145
0.2327833823158955
0.23261776371339335
0.23214679772658506
0.23315401651921405
0.23190227195304813
0.23300899192313476
0.2323900652108194
0.23233351491004617
0.2330658686029752
0.23184282205616613
0.23321189865794653
0.23210455933100313
0.2326256767051939
0.23282968670612797
0.2319627551230216
0.23326506573857053
0.23187532499011443
0.23294266934621163
0.2325534637532593
0.2321254378503992
0.23320470827777495
0.23186505989637002
0.23303238053824463
0.23235902573295264
0.23239441826951235
0.23296273567655906
0.2319770939469514
0.23307821462257552
0.23220632764343643
0.23257972130347332
0.23279551481120825
0.23209878891015273
0.23302960190906546
0.23215560167195615
0.23272103815666853
0.232628122631831
0.23220271211408078
0.23304170364272558
0.23204710588426825
0.23285736337956273
0.23252756107030415
0.23224126516039714
0.23306176370342732
0.2319783138814247
0.23296872174584315
0.2323828027299717
0.23239445928963054
0.23294855712802584
0.23198989297972866
0.23309948326754357
0.23212671762868867
0.2326985643883102
0.23269563107598226
0.2321143996715444
0.23314134806759487
0.2319176114618522
0.23303627134486013
0.2323135144877408
0.23242904787247418
0.23298631350253599
0.23187829202974494
0.23325097625879057
0.23197176921768303
0.23283106108607582
0.2326096106832042
0.23213563187284608
0.23318938976541503
0.23180664029676706
0.23319273899479886
0.23214226639915922
0.23257831035748777
0.23289408105990958
0.23188984817033606
0.2333174481749816
0.23185365447737533
0.23296803379470235
0.23248993447854946
0.23220639025542125
0.23315928898625857
0.2318528964959816
0.23308542860489256
0.2322738407209553
0.23253637686572276
0.23274293166514534
0.23223293848471382
0.23289342964501467
0.23221656301363902
0.2327807473863067
0.23241853266467716
0.23256653410194109
0.23258540944653763
0.23245972459019176
0.23264915118223126
0.2324124841948679
0.2327121577360823
0.2323072501898111
0.23284055601677522
0.23224761692577106
0.23271942843254725
0.23258112764362948
0.232251293822488
0.23305850731854566
0.2318904768770459
0.23317037573675128
0.23214480138662313
0.2325368026764297
0.2329960157569209
0.23175396391012962
0.23345198047500604
0.23173939289184806
0.23304270713200267
0.23249138953999754
0.23208288659014892
0.2334417171432925
0.23141334739832178
0.23359976268330723
0.23186260025395206
0.2326275100629967
0.23311029873242983
0.2314502794747305
0.2338636958012384
0.23137090315140293
0.23322332917678718
0.2325472883055251
0.23185523116545564
0.23371243165104533
0.23122336184804318
0.23364512287222805
0.2319477833415159
0.23248487940346363
0.23321703526878954
0.23144322401832082
0.2337719336760632
0.231511553103678
0.23308960692048902
0.23262938818086334
0.23186243431182954
0.23359381737847323
0.23144170616454113
0.23338263714993537
0.23216653954105823
0.23239024930053634
0.23314933672180235
0.23167374342863947
0.2334063012596411
0.2319344356007848
0.23274941401007315
0.23273215742795622
0.23207975646709564
0.2331097536562137
0.23201877034364607
0.23291446214803357
0.23238496412287005
0.2324746280087666
0.2327902442340424
0.23220466872243672
0.23285822847974424
0.23234005928178006
0.23260217219211557
0.2325825381579826
0.2324786884219519
0.23257695327326602
0.23253282725868182
0.23256763450168536
0.23247116784484434
0.23266118264676763
0.23238469342002926
0.2327253379457588
0.23237576853788053
0.23261648363293808
0.23262988843381438
0.23228765533049808
0.2328912675926921
0.23220851288355207
0.23277223381901094
0.2324654120758074
0.2324470795006146
0.23280122346573556
0.23216658673370452
0.23295396013447187
0.23219378977932026
0.23273068745591938
0.2325839746555441
0.23225942561400506
0.23300420593679272
0.23202447903731904
0.23297344079536883
0.23231556133034162
0.23249913457364602
0.23285689274720714
0.23203406517028932
0.23309786069149188
0.23209972487227984
0.23276146505135448
0.2325871695217452
0.23225037720560684
0.2330202100766197
0.2319868577164002
0.23302537922907823
0.23228132268168056
0.23249903694091584
0.2328732426985078
0.23202105133908793
0.23310975969929618
0.23208981845682314
0.2327455772256454
0.23264978920369708
0.23216077732735813
0.23307566568177923
0.23202197773218752
0.23289706410058694
0.23245325913321987
0.23234723334734042
0.2329474322690703
0.23206758204698
0.23294098771334218
0.2323223455636912
0.2325401914366956
0.2327549499858719
0.232182008248139
0.2329431582285391
0.23222996828032075
0.23266685416451527
0.2326267488403915
0.23230896157150352
0.23282958867607917
0.2322834691600216
0.23272399896260415
0.2324600332066434
0.23251785460068572
0.2326667770014016
0.23234830551698854
0.23275758722055803
0.23235362340810606
0.23266847371626134
0.2325052763142751
0.23247747481845116
0.23269851104024422
0.23233289458098866
0.2327505922592846
0.23238656627942988
0.23261421390871725
0.23256572353798807
0.2324291154657404
0.2327188005904835
0.23234952656506905
0.2327057400127796
0.23243434434546184
0.2325871763154638
0.23256339050470456
0.2324525864631404
0.2326965592713028
0.23234756713974639
0.23273754352000683
0.2323867368645441
0.2326251646621553
0.23256271421996955
0.23240270674354524
0.23278296164111884
0.23225758358095813
0.23279370528961593
0.23239573917278025
0.23254439251492195
0.23268412032579977
0.2322942606301921
0.2328313945573252
0.23228734196421597
0.2327061316987776
0.23249598293200505
0.23247326892975279
0.23270158817789616
0.23233317956046637
0.23276410692861024
0.23233494593914536
0.2327088966751593
0.2324535671287196
0.23251501595701338
0.23269796970651818
0.23229386554335252
0.23281814705032888
0.23229605160081698
0.232723174455838
0.23246143382258347
0.23248713739978455
0.23274509312353894
0.23222957876266243
0.23288726819980013
0.23225239984892931
0.23270798285098782
0.23254300760965088
0.23236981035852314
0.23284448126763674
0.23219134022961416
0.2328598808544963
0.23231730405216974
0.23263451669351812
0.23261079761427864
0.23231584278387085
0.23287638822831094
0.23218719873363186
0.2328353129498259
0.23236445915864404
0.23257599102891302
0.23267391809437055
0.2322490985249645
0.23293902307661016
0.2321515380470867
0.23281115907684152
0.23247358157161352
0.23239428567342163
0.23286152076725966
0.23214751383136797
0.23289365778148435
0.23233809963158153
0.23255489970664103
0.23269406636383003
0.23229829455571324
0.23280074660024044
0.23233328163910338
0.23266164399222858
0.23252585590806119
0.23247081309597853
0.23266558360717698
0.23240997613957612
0.23265410765819194
0.23246685081676122
0.2325691149383995
0.2325719600652975
0.23246938742433468
0.2326207865180086
0.23250514286731655
0.23251212833780716
0.23262460663724233
0.23245771694840403
0.23257543140053719
0.23259586481756353
0.23239882032096018
0.23273863358491195
0.23236671402998207
0.23261694356482107
0.23261906403436458
0.23231945263772902
0.23285174002452033
0.23223711423526305
0.2327498395159312
0.23250980035578503
0.23236250178880902
0.2329076757851051
0.23208610017405018
0.23295426117579063
0.23231175367212836
0.2324945494127638
0.23288719160783936
0.23198345161847567
0.2331440371970605
0.2321001067971064
0.23267311074696595
0.23276986403796845
0.23201827710287756
0.23322049417469537
0.23190211624356424
0.23294765987860014
0.23251138022278153
0.2321713682828906
0.23321985752773983
0.23174419518162084
0.23323857970766276
0.2321559018507821
0.23247680634100315
0.23308310226305012
0.2316534217609528
0.23352896931346923
0.2317574216256333
0.23286484029247279
0.232821562461381
0.23170977572754178
0.23368460456695644
0.23145123506768012
0.23324087202662952
0.23243871922031165
0.2320334179011192
0.23352091408968856
0.2313546704220302
0.23361100078274014
0.23190600465800665
0.2325536918162703
0.23316074816550295
0.23147201602923392
0.23376675272209094
0.23149908168469635
0.23311403137781614
0.23261214070528308
0.23184262854583218
0.2336695070027721
0.2313199552398932
0.23350326194827795
0.23211759266680182
0.23232358084524093
0.23331068928884996
0.23148020111561898
0.23357732448866514
0.23181715690169058
0.23278572578085083
0.23281498580646895
0.23185510405015347
0.23342957433631709
0.2317276829434871
0.2330453549357427
0.23247494634379612
0.23219450720636986
0.23316427086632402
0.23185878197923748
0.23306526310728717
0.23234648057420007
0.23236224061608307
0.23300209842598227
0.23200776149576857
0.23293258151291554
0.23243734439244484
0.2323431731426698
0.23295381942044982
0.23207910210139587
0.2328816644120224
0.23246597795986373
0.23230119888545234
0.2330421735757327
0.23194486879909657
0.2330303618535612
0.232345340169963
0.23235248601976927
0.23309542411173945
0.23177025706314192
0.23330568970153606
0.2320334760329536
0.2326123260493912
0.2329686553932286
0.23171634881623898
0.23353841958291263
0.23167871317087407
0.23299386623020296
0.23265441298024195
0.2319037432827627
0.23350643079786998
0.2315331182086214
0.23332781324906504
0.23218021270877673
0.2323824739779517
0.23319430556727283
0.23157351238900503
0.23354570431348848
0.23179836815342275
0.23282100101782974
0.23279296422550627
0.2318484867221494
0.23346977830358895
0.23166022228287764
0.2331139698836639
0.2324411391211757
0.23217557039424777
0.23322617624510694
0.23177512805805683
0.23315540902475923
0.232254546584067
0.23244953266466026
0.23294911533992627
0.23197545271595155
0.233082605796149
0.2321965227743925
0.23258841653661796
0.2328066507118355
0.2320665870803321
0.23304719068930113
0.2322032083787011
0.2325879366721299
0.23280914282579748
0.23205456771450927
0.23307811955457333
0.23215885073543
0.23261910838461583
0.23281842462927704
0.23199842876526497
0.2331698057539561
0.23204572387604583
0.23273930491624625
0.23271289420685326
0.23205963347841435
0.2331842565547133
0.23192926685877058
0.23296390307535927
0.232421947398855
0.2323175460830626
0.23307221860343297
0.23184399851020732
0.23320533708016497
0.23211282144942477
0.23262116614792855
0.23282455975841285
0.23197554728252254
0.23325603285901494
0.23186617372192853
0.23298401733336743
0.2324802179267496
0.2321952946369244
0.23319430386454576
0.23178610285163703
0.2331779157858934
0.2322095788201558
0.23247920144706327
0.23298044044510458
0.23186294245061703
0.23325519501347886
0.23201640473912336
0.23271584003757245
0.23277540475224076
0.231985146675276
0.23323265374510305
0.23194824108505693
0.23285534870874466
0.23259360389630176
0.23215682988661573
0.2331435385612654
0.23190204306209136
0.2330233342122318
0.2323863168421482
0.23230488662015575
0.233107325965202
0.2318339907549033
0.23316240073230018
0.23220537584371773
0.232492765426301
0.2329739291551446
0.2318418227638913
0.23330857291680288
0.23195183192617028
0.232760256689793
0.23277255860041082
0.2319380606414794
0.23333560619872026
0.23178576695522787
0.2330563822568519
0.23241505090382442
0.23223750199715446
0.2332041882295356
0.23170683137191803
0.23331215303361885
0.23206007760684025
0.2326018276580366
0.2329160201724398
0.23185010587195043
0.23335159762385269
0.2318406366641694
0.23295503965699343
0.23251589328145034
0.23218665370277938
0.23317526596292332
0.23181340152495714
0.23316613526952987
0.23218115907800488
0.23256667316467103
0.23284283188553467
0.23200089188438552
0.23318411370243958
0.2319773629573329
0.2328649397347742
0.2325528486057884
0.23222014710353897
0.23305658888837225
0.2320074615238878
0.2329326566309109
0.23240260753345238
0.23241713237372105
0.23285923399766306
0.2321590522231576
0.23286389050963355
0.23237746008906812
0.23250785174770994
0.23275342792085374
0.23224724673512764
0.23279158688102686
0.23244495199893006
0.2324518972710724
0.23278373599719832
0.23223736614052057
0.2327984624663921
0.2324483644641992
0.23239946682420692
0.23290951558220654
0.23206927116197912
0.23294236905619145
0.23237547587732918
0.2323969491123834
0.23297547580907085
0.23194165941434539
0.23312886391948642
0.23215936818638308
0.23258814378487314
0.23286460871731243
0.23193187080960231
0.2332807228997896
0.23187522609787908
0.2329443886023904
0.23254353695310415
0.23210368113149638
0.2333267854434427
0.23161627622645137
0.2333424857195859
0.23212481653706904
0.23241568442936417
0.23321192018374426
0.23151539830934828
0.23360979673464777
0.23176953844274056
0.2327851398114316
0.23289712974124216
0.2316978951871378
0.23363238404624964
0.23151947287249972
0.23320085731038026
0.23244479947935628
0.23204686436901545
0.2334858079358125
0.23142812606399676
0.23350025694998405
0.23202623526273425
0.23245736681981105
0.23320647262410374
0.2315049047086831
0.2336249843217167
0.231756179989733
0.23279330155313294
0.23288783363596915
0.23172873587447054
0.23355178250033198
0.23166442947933016
0.23301843503276676
0.23259242176790296
0.2320152220365217
0.23336031179196953
0.23168949889096882
0.23317323527736697
0.2323303949504538
0.23225933480748212
0.23323232358055632
0.23168174396856667
0.23327476525962626
0.23219169340221613
0.23238446048618444
0.23316954927319283
0.23164878299707825
0.2333886887982829
0.23206257743493416
0.23245945124160305
0.23317464699771598
0.2315763964996275
0.2335110875415109
0.23190368876770484
0.23262131720303544
0.2330728646741313
0.231555483642352
0.2336775178699509
0.2316210758766929
0.2329477927838399
0.2328056972683494
0.2316547022386743
0.23381018658254327
0.23128091154759567
0.2333903279197487
0.23239306787978162
0.23192684981943784
0.2337522674714867
0.23109173629171775
0.23379987651637776
0.23186384163504034
0.2324253852335611
0.23342876074557892
0.2311477942945531
0.23403542078724188
0.23138319066711938
0.23303442070257116
0.232860278538177
0.23150283619129747
0.23400916127335447
0.23106600524312898
0.23360115797400338
0.2322185615044317
0.23202318649377274
0.2337558261453352
0.23100627575382524
0.23392412468432539
0.23173614522104558
0.2325443303732299
0.23331934188551867
0.2312467084247068
0.23394546468186092
0.23146462635074458
0.23297999584763485
0.23284435411092613
0.23163480570122466
0.23374846276755418
0.23141162045754204
0.23326713404805888
0.2324229225719568
0.2320430663016377
0.2334845217962282
0.231464105310699
0.23341908425297683
0.23213291520984897
0.23236827089331014
0.23323303561882777
0.23156566293528263
0.233482374971495
0.23194715115338202
0.2326069373900268
0.23301185857941348
0.23170673063270245
0.2334702088335374
0.2318151006694754
0.23284304420284382
0.23276201766013074
0.23187229482901506
0.23344488497640542
0.2317040596581904
0.23304551103748475
0.23252778300991522
0.23207522876458916
0.23333510876296176
0.23167799869219044
0.23320398038934717
0.23229259291471982
0.23230751404726194
0.23317177379935874
0.23173587396297032
0.2332620070564933
0.2321330780997934
0.23252478578092925
0.2329625470064135
0.23187389267632297
0.2332325698543214
0.23204836522786532
0.23269889320426387
0.23275587299935468
0.23203418585603605
0.23318286557160048
0.2319780710842664
0.23284236127169056
0.23260423611769812
0.2321436660869089
0.23315008373081425
0.23191137338641252
0.23299919736475183
0.2324199630002531
0.23226220452879007
0.23316121306523335
0.23177309822657283
0.2332132312696702
0.23219275668209743
0.23244145780744035
0.23309416688376935
0.23167611310836
0.23347550986191065
0.23183583855232107
0.23277422400686656
0.23289932305616193
0.23166984928778644
0.2336789859444482
0.23149428173811235
0.23316793694457502
0.2325400043833522
0.23191562867684148
0.2336191772375429
0.23132087017799136
0.2335574255775639
0.23203516027955773
0.23238635903026902
0.2333142669602088
0.23138877106776373
0.23373845873095894
0.2316403120041274
0.23290848134516948
0.23280114424752246
0.2317467019270286
0.233631568341608
0.23148232736583982
0.23327640565326874
0.23231785368387264
0.23223014555383142
0.23326632511414006
0.2316393037776993
0.2333580205569367
0.2320324383741193
0.23263882144171874
0.232838358117721
0.2319795495057953
0.23318623760029938
0.23201180173719216
0.23281523682178085
0.2325727007851115
0.23227230416806668
0.23291748368395976
0.23220678698569044
0.23273500469876068
0.23253093324735896
0.23240284002778358
0.23274488895822812
0.23239042855372458
0.23255825307538644
0.23267401482281963
0.23233003873994276
0.2327301050318987
0.23246850002954195
0.23246460145874437
0.2327551337465848
0.23224909859960746
0.232840422314517
0.23232330984983052
0.2326084606459241
0.23267095962118883
0.23222865873662768
0.23297391208348686
0.2321050782175112
0.23285999261461504
0.23244540006171285
0.23237388140114523
0.23294759736796367
0.23199887689218304
0.23308067286970582
0.23216093529803244
0.23264993870545847
0.23274915078239053
0.23207798513317218
0.23312952383929686
0.2319943548067233
0.23291491740835488
0.2324288351948184
0.23236872184430177
0.23297366883785378
0.23195199002981934
0.23313107266554273
0.23213132230471156
0.2326502529010646
0.23276867301858034
0.23205088254614908
0.23315395001452832
0.23199260900524213
0.23286199115186218
0.23255077518201556
0.2322182081424358
0.23306567552631188
0.23199337162574768
0.23294632216963385
0.2324002460591185
0.23239489692181328
0.2329122753202353
0.23208145852091533
0.23295108737959944
0.23229627502803932
0.2325670668149932
0.23274304844235616
0.23217310620545134
0.2329633709433914
0.2322126610603369
0.23267288004827458
0.23263905603064242
0.23226923868167826
0.23289597999051215
0.2322144169979282
0.23275271614760049
0.23250612714141466
0.2324040477927681
0.23279681933313237
0.23226224276247262
0.23276586662590062
0.23242393197692743
0.2325450368704679
0.23263713910284184
0.23238559525966893
0.2327188228888514
0.23238926981063315
0.23263468765083803
0.23253151648599052
0.2324809811035552
0.2326342344193115
0.23247440669954525
0.23255551009933823
0.2325697108771468
0.23252004517551103
0.23251737565024275
0.2326308677781574
0.23240328655827508
0.2326950062211229
0.23243195187268964
0.2325483019255145
0.2326831455476193
0.23226390137530029
0.23288893753377368
0.23223297897479
0.2327151719331083
0.23256678965059338
0.2323129626368363
0.23293502148555123
0.23206567890934407
0.23299793494317964
0.2322263327856621
0.23261133162893366
0.23278058748717165
0.23202066251181694
0.233227060866517
0.23188258285682045
0.23298609302611833
0.23244577561592342
0.23225539065338505
0.23315107316100964
0.23175567179130718
0.2333110811357812
0.23199681967412375
0.23270731741554343
0.2328140270167107
0.23190024701666945
0.2333899118620125
0.23170564902266763
0.23315155011780697
0.2323289456092335
0.2322890827259894
0.23320012473057705
0.23167084315734018
0.23337011871705055
0.2319907106543407
0.2326831585296685
0.23282304356203798
0.2319446070065764
0.23327040491143144
0.231898992963314
0.23292687300083634
0.23249340840491914
0.23229207119680492
0.23297376817209775
0.23207778394486261
0.23290879726740019
0.232356040968397
0.23253400316101794
0.2326981183318586
0.23232097052663606
0.2327446359371932
0.23242586104757723
0.23254036297677907
0.23264609381651707
0.23240733727354915
0.2326118512978982
0.23260777768033972
0.232343306384856
0.23280516055817158
0.23231787060893336
0.23263179845728457
0.2326540894645179
0.2322174994965851
0.2330182810029655
0.2320493475072616
0.23288580660031344
0.23248471507634655
0.23226237823532653
0.2331081600833695
0.23183289197987575
0.23319939184643398
0.23213461228976473
0.23256247719950404
0.23294463057821052
0.23180479301026452
0.23342161483670018
0.23177199286286665
0.23297118801971614
0.23259360843305865
0.23201585335138997
0.23339645702181738
0.23160310293619116
0.23330220638403493
0.23217543762254453
0.23241482462380425
0.23312287263490633
0.2316798334223378
0.23344106224163705
0.23185564519484855
0.2328341643655951
0.23271718565643468
0.23195839305017965
0.23336370954461874
0.2317204792660299
0.23313472547340586
0.23233701411587535
0.23231522732180504
0.23312588360769312
0.2317802678594283
0.2332555092080071
0.23208287117925758
0.23263181167966748
0.2328217415045259
0.23199831173130034
0.2331865606548091
0.2319760643656421
0.23288241070484703
0.23250918441367655
0.23227832712522423
0.23301154468775526
0.2320069173261571
0.23300364737940743
0.2322624872936303
0.2325839050539772
0.23274101900874264
0.23215685358481225
0.23301512059576895
0.23210372446512853
0.2328384805780631
0.23245596304746988
0.2324047427302449
0.23286959115737887
0.23209841627822728
0.23300243702449977
0.2321787379164097
0.23271212560690538
0.2326190615230414
0.23222966369850845
0.23301706104850836
0.23202674916339497
0.2329631979622334
0.23232767928220072
0.23249488429742493
0.2328407558745397
0.2320649252088499
0.23308329734776856
0.23207627404105519
0.23280452196803833
0.23256017435370038
0.23225392974597095
0.23301292513803895
0.2320186829196706
0.23299154732777233
0.23226872990116498
0.23257927624271305
0.2327509145526078
0.23214120179657902
0.23303217603656048
0.23208775771065804
0.23285200593113053
0.23245002349204924
0.23239822273318766
0.23288209121189993
0.2320983652930925
0.23297585506248983
0.23222626204613642
0.2326662781326582
0.23263824541218392
0.23225702492554218
0.2329295697677853
0.23217183049958207
0.23279429103472352
0.23245741576859716
0.23246960991339027
0.23272588546368564
0.2323106375013187
0.23276101634543384
0.2323821565398512
0.23262611462638008
0.23252682033078562
0.23250961739044496
0.2326064109808553
0.2324594671864256
0.23263275538122982
0.2324512278794242
0.23263756074112288
0.23243680169658984
0.2326511753137192
0.23245990728827282
0.23255528138393444
0.23263572692061885
0.23233165825777463
0.23284387223019998
0.23221842470144197
